4831
57232
493861
115098
230908
210172
2300
18019
319165
390245
71330
100132396
287830
237911
94187
4760
76246
158586
18996
316123
339500
78962
3151
367901
291960
2294
17863
296474
3150
3214
26922
10979
24514
50754
6241
79221
311718
13016
243842
71890
230700
242620
103690130
12578
19697
307615
317413
7561
303480
362165
29861
300656
148268
241066
29104
284443
500131
13211
360631
84128
10919
57451
195828
9874
309902
211329
149076
72169
308435
23309
116071
298506
228775
19359
64384
5598
22417
4613
79431
288152
12848
13009
583
106931
11811
29657
1147
57585
22955
12412
364382
19822
10522
15510
54514
400735
3621
171023
317612
7639
94092
23613
288665
211134
75137
5987
13627
22755
4617
114642
301446
9149
13871
5017
284391
15267
19290
162972
14581
360665
287615
54892
79943
23426
304832
165918
6919
13710
10438
12167
18131
12929
100362054
6689
70681
283847
85421
201501
341567
162963
54997
381379
57295
51193
364680
15312
314799
226976
60661
60491
314221
9580
67238
66262
80292
12914
500200
124905618
668501
64637
15395
73247
234594
24246
58491
101928917
1045
139735
362631
51176
59112
100909657
688785
234736
2167
254225
9321
300262
11909
57634
55250
25904
361833
140290
56273
305848
303330
202151
23963
19373
104271
294734
8804
690286
203245
15481
361745
121536
9112
57741
54561
147694
15373
66341
11011
18991
51123
57592
4609
305888
59079
233905
3218
102991
257632
51586
93649
365024
365192
2263
20666
156726
100529215
6721
14050
313811
221937
26910
27056
314228
308326
312678
108348168
58490
391002
9110
3399
217864
6839
308472
361384
50485
17876
2852
306459
313115
27336
56490
74319
78912
14237
17954
233893
23834
100911196
898
18046
120376
7142
15951
51701
111241
110805
11100
682329
117183
10514
163115
296293
228876
59348
308361
498952
109910
102162
362088
55635
17127
252884
390010
65122
75339
303024
1746
64344
84858
16601
67525
3172
21425
365298
83746
388585
303200
299499
124908979
16543
57649
101928160
6421
6932
9839
1501
24388
23248
305854
56700
294287
100360380
365462
5178
79558
116557
2122
78658
360023
361669
74427
2547
16950
170472
501099
296272
227867
107351
17984
303539
85315
56751
26380
17428
429
80285
308582
297453
168417
18424
10736
20230
363165
3024
84878
117535
113892
27107
65018
221527
382056
66313
57826
234069
5071
67087
66959
503000
2301
106298
54093
301430
81717
29228
21781
1750
23109
9792
365755
680717
6862
320145
153443
9734
51230
367218
99334
301121
104383
4602
8336
18013
19055
68350
56341
246378
440563
107435
57654
22658
291703
17187
104721
22717
243372
140482
163051
13393
320022
7638
361580
685179
245007
85265
498999
5036
316013
304862
12400
7021
26205
100910508
9810
115426
29087
103692126
22632
84807
310958
21349
26581
83619
117034
201254
108655
29382
245671
76044
29950
79724
10062
645414
72739
14004
12683
22083
645832
407786
65102
363243
54014
55122
56946
6258
218030
12029
25448
4762
11331
18673
315843
102553962
25942
363672
338523
146434
25242
8148
12053
20185
19357
15417
291259
221613
25574
25157
15499
116545
22196
266716
80205
228866
80829
8369
51222
6757
66200
299012
14284
361946
2516
365748
51710
21399
170825
64202
15900
23144
363221
69928
13170
728927
672284
29982
23186
24708
5978
365895
302855
23373
116870
269966
312331
2066
5494
18933
67184
313905
100287226
128611
10075
83463
309178
55705
54611
7335
307667
296706
298012
304648
320795
8462
25496
2297
100363372
304431
315798
79738
231889
10891
67088
310685
10541
290749
124906459
500084
23877
51450
381813
680702
84528
1789
19374
84792
147929
6594
114206
303488
70779
67150
15257
69716
4208
19384
18795
27632
20467
100288711
22828
120101889
17130
56335
53336
361585
23619
365590
78975
24149
57673
544971
70465
56196
13626
12013
7088
19663
550619
57594
213753
29282
132243
361208
15185
330959
168374
19883
26395
57751
18999
15413
1491
124906462
76804
387032
302705
66138
171299
11651
140690
682988
294289
114741
11798
18992
316575
24828
7704
344658
10194
17283
29995
253175
29534
84962
7761
26901
297066
287362
71981
316742
19281
15903
315434
3009
234725
9320
5468
64324
308108
17259
291439
19726
55090
3221
17300
304794
10458
308339
56785
6737
7549
100361765
23394
121599
17702
7023
147808
7652
114637
683381
68114
545938
76781
57913
9500
11461
22767
60525
2073
9918
77630
54700
27223
381022
682902
9077
150684
498423
668
64900
84312
54446
51585
246240
21780
5605
13592
231866
4664
313596
25261
100039596
74044
15429
9978
117273
55809
304061
202559
20592
100362346
68979
79894
683410
21387
7675
71069
368042
2521
12544
114049
322
18094
3064
194388
55832
56404
140934
74123
54069
6894
5608
293992
298098
56070
11124
305972
17125
500110
24170
26048
314711
4221
307766
680751
8204
19183
140583
22913
306873
313977
295324
23837
6899
301038
297805
18741
107321
9913
74490
15396
81758
246282
240476
3654
29568
6604
9686
308906
147339
25113
296570
13560
94091
308983
342132
67628
29803
101994
106894
78969
1874
366082
306571
218214
23028
57783
57167
498453
14028
6495
6619
128209
55719
59024
3091
266743
25172
680712
320158
103694540
79977
80184
11924
691244
74522
21340
238693
228012
315792
500553
29452
1628
25585
10808
303580
116848
105373378
225207
360662
150921
304127
64783
24252
20677
54542
9575
2444
6733
10951
58919
360610
683603
344022
497985
287643
7621
3231
20669
366951
231571
56458
67985
2130
13345
64619
232430
13713
315601
66225
63947
84661
218772
22685
84614
25735
268564
309003
15081
362229
100130863
3728
297954
55897
105203
315804
64824
100862075
21674
100125373
56809
81566
14113
9095
55885
313323
23040
55662
68490
1488
80155
107392
64061
307721
69714
117855
115560
83933
63879
171150
298558
26416
112398
299766
26356
108348069
7579
24790
5894
90
83422
21407
116448
147658
13813
90827
303828
51499
78968
69090
117542
10445
13684
84295
309757
54821
100361923
814
103693776
10215
293849
29466
223770
300222
684233
305244
622408
2280
57616
117274
152098
235047
387609
57050
84874
22702
360764
14236
55553
7011
16978
66310
26554
503582
231004
124906482
63935
1386
72475
55659
83618
69020
689030
680989
691501
296084
18034
11244
171063
54352
315179
53840
121549
268294
22130
22629
278240
20193
17691
268417
55602
362508
60529
77634
4087
25019
117854
15254
302557
246756
8110
3097
93761
1653
363545
256051
100130086
23958
8550
500048
243937
68879
362414
291202
71834
14375
4674
30927
15436
15403
25576
382239
368178
72041
401
54201
81489
5216
7768
51132
502227
16452
15209
463
29328
22774
8463
18185
7069
685474
218952
54124
69544
19164
304298
225876
3219
303745
107817
75605
8403
55422
233410
295531
117553
317346
18508
727940
67014
84016
309790
79451
208
3232
23410
158431
15259
246297
10363
5252
17260
344065
14282
360551
15220
55902
55713
56906
85441
25334
260325
52163
290556
9406
299691
303491
25842
121274
148979
300193
498145
362533
152518
23099
64216
305719
108960
81
60394
9506
635253
20852
57320
104382
92140
135112
299979
84547
6046
364069
361178
19696
107586
94
57215
314436
316643
20665
56165
84159
400736
75565
466
20841
360748
15426
3090
80278
23635
8848
365601
21814
55311
148206
163059
22797
54624
499124
399818
71041
10001
228839
440498
144455
23440
70350
83801
289372
170753
311968
362834
360482
100042922
8301
8328
8841
56711
66647
313471
72103
67393
50708
3167
7019
21752
223843
65988
309361
501560
361374
90321
1999
170922
309164
84969
4611
133923
25926
234366
15110
10773
21414
246768
306516
15412
55534
19042
70823
21959
79710
1601
304935
28015
2314
442319
2117
98758
7141
21423
14248
1058
4302
1044
268297
102547932
124909305
284459
8438
116457
305428
25720
10745
7329
5981
313757
76251
9739
233490
51147
303165
314061
23019
360743
3190
103691556
70925
14464
4092
298084
16468
17240
28984
292721
71592
63876
84460
864
18150
684527
84864
7733
97064
79413
25449
304663
29355
51058
23198
11074
12043
691556
11177
5467
7629
4901
195733
1388
498402
313566
71492
26397
313507
112268164
63839
233532
1406
293615
8904
8091
9318
88
51523
268980
246334
11634
307924
3010
1111
224619
291245
83726
17937
59329
71389
299638
3664
444985
497941
65274
67500
14536
12500
24075
84619
306110
287734
303511
305687
78834
500818
194655
170955
93871
238690
24451
18109
13435
287647
364534
50794
117095
6777
244813
7596
70103
4194
29192
296351
305897
55355
904
5626
388507
499100
343070
57713
17450
69890
9310
300320
136051
363520
312947
20472
170851
100360412
270118
6668
7391
7068
2960
64628
289230
20687
8318
70020
291100
124906491
12361
59335
5094
7568
78751
5933
314374
126374
277250
302369
212281
6756
101060200
56702
867
313418
4774
239122
1514
18504
18760
27350
67673
100363361
497991
2322
69504
75079
228790
89816
680282
110749
60571
14029
269254
361652
320858
3065
3217
212427
4692
224585
284370
80196
319169
27086
270624
14247
54897
64763
18420
91151
314300
5465
3215
391003
21807
124906465
6873
56338
54345
21418
79128
307839
13207
170724
4673
22761
80714
8295
376940
268281
57708
94188
77045
11848
10626
54278
646817
87
12398
124906488
685360
50945
7678
302495
301059
28077
54780
79913
342909
70887
14460
81603
291691
54556
13656
287094
9070
27250
364398
619289
268996
245980
26122
74026
289707
11922
163071
3237
108671
14056
19651
51274
72960
192285
499882
84524
29591
306261
67154
232334
237730
727866
79986
9274
57621
85012
226830
362530
315987
24116
300260
2290
18018
56309
84911
313216
8202
6688
25979
100365184
5451
20410
311796
24685
306542
7710
300837
299636
18033
15208
9031
26097
11859
22715
3006
501097
112885
219103
728132
79723
319478
50849
229675
378812
67778
25909
285676
66894
78893
4488
366949
292747
9477
363014
79594
53610
8294
83666
9328
342933
112400
311591
100312983
1877
124906461
19383
103136
7291
7730
24457
91603
313020
399489
500453
292610
68910
91120
362481
2494
686117
20664
4286
6874
2091
70315
75507
667118
18505
76365
625249
195814
1660
19820
8351
4306
221336
74737
388523
127396
309295
70408
25237
10957
385338
5588
84449
83983
311613
7565
14008
100910807
303811
4610
8479
308839
436240
8812
28999
19302
500695
12226
221785
100043497
67733
81518
296345
3094
10589
12455
214812
297968
254048
10933
310638
114991
149563
171355
23236
116651
57154
689695
54925
18227
233208
230587
15416
5083
368002
363067
293860
8518
498160
25271
2909
10322
12234
10629
7161
83620
7547
69837
12054
286075
84437
7024
105371346
207667
1991
21969
25159
29410
364140
7014
66617
331
256643
104625
15260
243834
12576
84733
18071
1164
22631
23081
56484
23451
304495
290631
2116
18030
20683
2649
11057
100009600
2018
164091
108348182
86614
50916
55062
17121
5241
224829
4780
699
316312
117268
116412
5925
74195
690450
310090
311615
20464
217410
4855
294007
306254
8409
680427
623474
71063
314993
362733
22803
148254
79797
360874
71902
101023
25920
26974
22807
57798
361607
103691034
75826
124905630
312603
17344
64506
9063
208043
5932
17877
15398
143241
54993
20671
218820
408217
729458
408
79813
316219
78986
140858
19360
24437
1108
80110
9416
4824
22160
18423
431707
54454
19184
55734
269252
4683
169981
64618
226641
29893
2118
8227
124906457
228714
54466
103692976
293976
69131
289752
16151
319594
4017
3656
55205
114774
65248
23435
65056
210135
3643
140898
63948
24333
56632
29777
301285
361630
73693
292548
2959
27164
253461
51341
60436
243905
18022
26155
12615
79257
6492
15587
361924
10622
311021
127665
310250
91746
312974
26038
2295
688699
5931
6605
22704
56312
25937
6597
287456
20375
12005
214498
309478
109575
406164
8629
287361
30812
84436
100293516
246792
1810
15438
312203
7770
14049
468
110616
494448
246264
17537
10273
232816
306695
91607
76681
216161
308406
301431
142
69050
287918
6758
109929
99311
217827
102553842
300891
60313
63950
362738
10009
69234
297893
114504
890
54711
4853
217127
308900
55683
144348
445007
57230
67155
315341
8314
382867
304859
15378
16150
85363
29567
8353
308345
292658
56980
1105
13134
25379
73754
18516
59057
1649
7314
23825
57343
3265
116940
15078
214764
300117
54880
25401
314246
28514
75029
295214
21372
297930
117608
500982
83482
73680
72515
70127
64010
109181
8290
688999
21402
20869
9232
74053
362291
4332
56816
125476
8334
195333
60406
308496
10488
861
128706666
230761
25126
63946
72512
51547
85446
25824
11319
27274
473
13866
17846
20613
55837
90592
295568
4520
100302737
81703
20874
239102
288154
100359484
117058
57325
2001
69076
66464
361715
163050
10389
72162
24128
500715
229584
687001
500558
50674
298732
7026
7048
124411
12832
1869
109263
79664
6257
57122
20617
25565
6418
11091
101685
17257
20670
382118
90338
209387
54131
124906475
54123
91662
53376
116458
22693
244694
71954
93765
1382
24329
15410
232875
104156
17216
10743
363465
126069
246294
306977
8521
6878
8242
81807
29395
19650
328440
72486
7320
5992
5828
75753
83740
17172
20787
54680
308473
1998
54319
306655
102555083
498918
57492
25591
71148
102554315
171120
310704
344018
57466
64460
3206
222229
83395
67143
14463
361295
161882
29028
2140
64784
255626
13418
81931
53415
298447
3301
6714
55588
27063
21681
646864
312451
55617
116554
68094
8433
6837
26354
108348070
4646
226747
228829
11568
11810
233545
1053
7718
51008
64145
3196
25410
240427
65020
11146
76260
29877
57623
110962
8638
23569
54383
24918
81630
71769
327992
252924
158880
209448
293294
50659
232784
315666
171119
12912
360635
19411
56924
79898
291105
9760
57541
253714
18021
9330
106389
293500
84578
25387
107976
10379
79241
57080
3021
26424
23170
1820
51637
117056
67382
7633
362635
85235
1960
128966591
10153
73274
10308
79862
204851
102556119
502389
257397
1630
983
16597
110521
302333
114839
681740
18997
5081
13819
29216
6773
346171
2627
66403
6015
56531
233900
619331
390259
11770
12952
10524
243910
1956
58820
18519
330502
269955
16599
2000
1432
13869
688845
7421
29613
3337
6658
124905617
100360880
17188
5606
362149
4779
12616
74561
93686
14051
110784
14105
67933
23140
4656
83824
3166
7546
292172
256380
366213
84354
433759
100129053
22158
139135
339324
238247
6940
500037
6049
315159
100504608
4222
500981
291841
545474
6097
147947
305258
29969
71952
74570
117140
64012
2303
70827
3008
18602
8690
3315
9586
688466
25400
231506
55914
7258
21652
7046
13000
14531
73569
2625
2103
21847
6722
170506
290317
499171
64288
89825
51684
12402
308232
10527
100910506
685834
64455
5074
246198
434123
15289
2965
7705
3551
25806
17285
93697
502886
9355
100911483
5715
360754
116633
209361
391723
1389
56036
124906454
7322
20788
107932
649137
498864
296102
7697
100912068
171152
3303
628709
51377
221504
9817
114845
653656
56184
19130
360254
57862
162967
72195
57314
56503
11908
6778
94275
55629
694
313512
7572
6871
17129
1613
51412
233020
25855
81647
307151
11335
51028
242466
218973
234686
684192
18998
304666
84250
4772
287423
242109
79027
79612
688019
170787
65112
9421
5607
313253
114821
16396
116544
117263
687536
4005
84905
232232
69612
25517
4618
311604
304470
10196
10178
124451
311093
25389
434484
68770
233058
285550
50511
306257
25546
84582
23234
308463
642623
66923
374928
72306
298981
104457
18514
363064
24577
114629
22779
21343
162655
103573
6945
22221
54386
84759
500308
29517
13831
99982
6882
60374
110958
83632
64863
23532
54554
311414
13549
11166
362132
300235
9252
22051
29148
287944
381319
64896
15415
361420
13654
2247
300447
70769
27080
690244
382066
339327
171017
78619
1655
72308
299687
3142
25125
311901
13039
13394
104394
110796
213011
19192
440695
6720
57684
9188
72612
3276
51142
269209
53892
55211
15371
24330
23942
728137
77683
2020
6887
9464
57591
12795
23175
902
22062
8289
209225
304010
10793
100129543
892
12355
9096
24086
69640
4205
79209
83602
307024
298508
8341
226519
362125
81000
9205
109095
22758
9774
64591
287464
170644
104263
10781
313591
12971
2246
294924
66336
7136
399823
55051
8805
19356
94186
73708
83741
112939
1912
690043
313519
22034
18028
303496
15379
297804
66999
3110
1958
23493
114494
367152
56501
23625
147949
56642
291912
361402
365661
29721
4929
58960
330463
79362
13144
498945
297576
345630
22823
67245
54427
57321
296499
101206
163081
311487
54815
230824
345462
18538
440519
100360307
55193
361881
79240
304601
208258
24650
319177
29618
363603
21804
13047
14233
2956
112488745
5702
78473
498559
29386
100128927
112858
25344
303226
304071
84181
124905616
252941
53621
9555
25865
10127
30813
84922
29871
20933
2932
53893
224432
9753
71591
313994
21812
320595
2551
7545
92595
682968
245525
23522
64332
74132
23126
81528
7030
25231
11694
311567
103690110
70645
53317
5326
1059
15434
100911847
120892
15161
217218
292064
124905620
20848
11925
67278
83444
64709
66233
303212
108961
20476
497894
292888
5393
29072
311311
623121
269003
316794
18139
444984
297758
8337
79697
200765
58202
8348
317432
497944
17192
223922
286205
10270
124359
7551
84948
1398
1859
3516
84944
7711
289048
2672
79682
386655
303499
498013
29813
74469
219158
2145
84577
128966665
65100
10265
222696
8846
307236
7919
84839
361627
106143
13797
23988
51317
51621
7289
57474
245572
17133
67025
366229
24873
340385
18426
10432
85435
2138
23361
68968
19377
3070
328572
100911668
52712
81525
66758
290571
216021
2296
76007
201181
29722
67772
283571
84337
365511
63951
308607
690585
293537
139628
15221
6664
23349
100361818
55502
112406
15381
19181
7533
216869
68776
125919
440077
360817
363096
229004
57748
303731
73614
205717
401509
207165
284406
688433
299557
64431
67341
228911
84654
55888
10210
494445
19009
56525
128408
64425
19090
68729
363519
107566
690820
14228
289990
27148
17292
225283
306657
51053
140654
71371
21685
266709
2737
2100
11108
64707
100289678
84914
57521
93837
220929
53605
6297
308457
114612
70571
55571
64843
10481
310352
92285
298144
499420
22590
12913
5594
6299
689954
13716
50873
73178
239652
330301
63925
313666
363991
22367
2019
8464
98496
29883
10783
494338
4691
11555
283248
404635
10621
3642
9111
223828
12427
315291
319183
56718
18706
296612
100041294
223499
360621
6921
361930
17931
74729
57162
4086
8356
11920
8342
308404
16598
117581
1602
303181
302327
117152
77519
107771
4917
13396
500005
2071
3344
14390
20997
56254
25255
13872
84939
261736
312440
362825
4791
340069
55294
232906
20474
19014
71950
243963
81679
117062
745
124512
15384
260298
50686
7773
309918
3225
729528
235134
21869
8929
361514
29855
5798
6883
8717
4781
242523
19179
209011
100912096
124909329
76131
266713
23528
8648
8655
208968
16875
494115
362925
114712
51810
108160
309804
289201
296732
304815
361783
14816
80152
12606
127343
226439
100131539
22938
101929983
230025
3428
24581
53970
5532
25578
16478
169792
58180
18029
1654
58940
319156
321006
29431
208076
27140
64067
308537
98424
361746
20371
72667
20044
81808
312849
29512
498575
18181
1063
6195
313929
53890
113922
361801
286988
296583
163049
9209
56314
309429
81812
13487
8563
292898
25493
10002
288077
7404
12394
2958
114604
100504710
360801
367832
236312
18935
6926
6760
56222
24136
23077
5347
55628
83724
168451
299607
92999
70470
25836
17165
9891
293056
85457
19727
27136
5887
240186
6913
9049
15500
310784
434
545913
103836
299043
338467
3607
380669
288821
313575
9584
25163
1785
100090
70227
57157
23310
310775
13542
304987
213389
321000
17191
5629
116033993
192274
8520
3975
301513
23849
361046
7020
14534
688634
229542
14235
71375
310707
12416
100362678
25135
4331
1390
81738
367264
74343
291409
684901
84353
244059
303241
100419780
25233
653544
494021
166793
57801
314818
256536
381280
5459
214779
308896
313504
14957
298878
9496
388536
4582
2177
56612
5076
24148
7644
66083
24672
84875
58208
22378
5356
221143
67040
76719
83797
129880
103468
313867
283651
681849
299347
108348098
289052
498358
643615
10274
20681
168002
2260
223227
5970
288710
69809
307715
316085
60331
66277
100360100
285346
64379
9380
100125288
689704
23300
361531
27217
1915
29424
100910896
363170
56469
58852
5926
8366
502764
91646
54132
17301
54169
19434
212728
58500
11198
81524
269881
1959
26423
500950
107765
18643
163033
17865
8626
316052
230162
137735
308766
79960
300673
26508
53404
84660
211323
18294
645382
29330
289181
303310
8493
79192
72117
645425
18393
10636
100913187
63978
59058
54665
24068
241311
252917
361131
689858
145258
80317
29227
55869
75452
306862
11819
26875
73739
80509
653545
85261
124906456
4862
71137
25023
64050
291228
12317
50809
10475
51322
21374
100101467
308434
300813
25223
353305
72199
110116772
23060
22666
1046
17920
304918
29274
209446
52231
170463
140657
81736
27316
329650
300084
57538
100911837
84032
5813
317627
317425
367033
237339
55786
68911
100533646
343071
257634
54380
57441
307
115950
11073
301555
15214
73139
7443
5460
252885
8360
14011
5884
9404
16869
361700
11695
500137
84901
1826
11179
27163
195018
299138
7003
664701
57805
55352
152815
366142
292889
235320
294299
12166
9863
193740
686781
7008
211652
68142
313166
402569
196
26149
362280
109594
312641
498072
116464
8013
17869
8864
307861
66467
8370
56455
305896
226409
51001
50552
57711
653606
364883
7507
25554
689883
5253
124909318
9400
15408
16814
246073
266738
1745
502946
81488
315840
2353
56917
107587
474382
5187
64406
128966647
366276
13508
218613
284371
225497
300095
54683
222546
12261
57786
9219
311505
499561
147807
51780
8815
123016
9275
311163
103692172
621893
20186
2274
64523
22768
15376
55022
14797
56938
409
153572
100033411
498385
22344
390999
64513
18432
20658
269023
20183
23125
12023
7984
56790
4794
233489
100506164
728656
311876
54250
299313
729747
20847
8092
16476
3275
7316
163732
305198
7673
116092
27023
64622
244216
317382
72068
3280
21771
25628
362522
58184
163227
64919
74112
332
100131390
13990
4799
362261
55927
20922
92815
50887
52830
293112
312478
4690
366214
9878
22284
16870
56676
353170
100039957
445541
3013
100362915
314787
363035
26959
14055
4783
10473
8928
64215
291406
67210
12014
373861
15228
312303
13712
77976
69790
63836
54623
380993
382252
10865
58887
83630
21981
65961
117584
71609
6602
5934
5300
21420
9423
307905
305910
29603
18027
63864
229700
23368
270627
63943
6595
303836
192191
627049
77766
64525
108079
18103
100363065
9656
116547
3608
76793
308215
64207
5075
6877
502857
362166
17089
257101
84717
13655
56919
309772
84163
20379
56717
3651
388559
244879
15229
102557111
23476
51339
20473
363684
6776
54006
305083
124909330
21958
314126
10370
20429
290284
15425
7175
297065
29126
302680
74197
128966655
147657
93474
78974
679571
81898
2626
362092
730092
308690
8726
74022
79223
79776
8721
728642
21815
9971
11538
16909
66724
223669
13390
307296
83474
79039
300665
317385
302993
315333
54951
305120
316477
23066
22642
109504726
100158223
71648
8554
83712
56406
10384
56736
54753
171160
309002
59327
124908978
70802
21761
232976
7552
256297
25701
100131017
3005
100042929
108100
16798
54797
21908
311807
75871
1748
284309
296374
133396
8019
729944
245263
360204
306998
12447
18509
288683
58936
304741
728361
55762
308337
317464
8631
238317
233060
11479
83595
79149
56200
16372
22601
20878
78284
2316
394
26271
21679
22278
305127
67279
362361
306574
362217
6617
9447
252855
124906458
295251
55170
503834
13864
66929
400713
266792
114213
5579
57683
81516
56722
55942
314638
84246
93691
21406
20679
55095
196446
55128
14884
303188
84844
302553
237758
23210
7403
240025
51043
7643
305911
103554
14309
24842
64572
286128
21749
100033459
10628
5990
16391
301128
292027
23519
406169
5610
23408
362425
21745
103692168
226049
300266
84330
73503
56323
689918
102553763
320538
67089
7594
433700
100042337
64426
153222
500985
124906464
72183
8725
498910
192246
691504
16364
3238
14886
146540
105242927
497010
57057
288353
102551846
23421
287422
400569
315936
381686
11007
112405
83903
11023
69752
100131187
132625
17688
50914
3199
500964
7189
683923
171392
67037
311721
361403
116555
1609
223332
225888
26298
4591
308998
314322
5586
69202
17932
361849
232811
315497
68043
17692
20850
315058
3603
17095
25950
25946
100129654
266759
7539
366029
283149
100911859
233908
343472
84695
114564
306547
25431
6910
21951
24113
58842
103889
5454
339287
56943
104416
390598
291670
13048
9329
292925
362115
90485
84699
228880
605
304988
22057
235682
8861
5706
340061
12189
22718
22294
100132074
319155
112495
162962
6939
74355
360905
15278
283933
7067
25682
124909306
227737
9325
22026
28996
14166
59030
245688
340260
91283
690283
169270
499083
4792
170302
65035
312309
3184
309031
18572
22720
67019
7050
239099
29222
4487
56463
295315
68036
100362634
11213
79842
390927
6911
242285
309957
229007
362078
228536
216848
72701
103690038
297994
24468
362841
22835
362342
8945
80280
23633
305471
75291
9705
441871
81285
7618
314330
286380
134728
29389
64186
1460
216820
66867
291940
114109
25763
90316
57479
383619
2966
56541
71093
4666
55870
294408
16201
50810
277744
2305
30046
257649
1191
3182
24224
360581
54713
91464
18045
288457
68992
71777
80892
315532
308911
13591
14265
8355
80320
319158
4152
6622
50883
171104
27386
22926
15901
252870
6943
16363
269997
295062
84307
74414
307805
64468
9821
27033
18095
20926
54299
246760
311715
299180
110648
319173
683626
66580
234388
89884
311826
547253
26610
3159
85509
51079
293710
12388
237558
500893
5705
18759
73473
100170841
79256
6789
2968
246296
9443
115482686
94342
244556
320271
4066
54139
100505555
320633
3084
207806
3400
53615
293044
59026
679155
124909197
114562
499929
15424
10443
98403
2070
100359916
312936
5896
65121
60371
688885
10128
310399
361990
288563
690262
85497
21411
116039
10401
290669
309630
21412
84027
103551
7692
19646
25747
235459
474343
6886
11171
3431
246196
84775
23468
11863
21853
11262
151636
310086
66197
232966
57547
860
57573
332937
684111
5704
23054
2637
29966
64200
79744
171159
389421
15461
25509
136319
9130
2354
72057
14030
242705
12428
57504
29362
71974
231464
54133
192231
15394
57169
21665
124906489
2969
13559
116722
1857
101631
3068
300389
9994
170261
90874
5307
27044
55787
406
56449
342900
6925
140908
12231
7559
2115
315769
23462
170767
17927
149951
306030
817
26145
15402
309194
54778
15421
685082
308366
24517
80279
6478
298555
89803
165
51763
6500
18628
305455
52846
292082
6790
3195
55982
3222
79215
4678
59001
360674
74434
6656
56787
116671
1030
690528
58805
315988
291171
500126
10138
207259
311607
60345
4775
67224
192195
22433
10463
18983
6942
320376
78943
10214
8320
100039319
124905628
54496
7025
309452
362339
12142
658
5079
85252
57908
307820
340602
6618
66075
9603
233904
241322
29375
10902
382074
541457
24649
25388
360491
8352
7706
303039
8085
24014
306974
6280
19058
359948
73422
108351806
10157
235132
6657
25714
107568
19118
77006
12326
67370
287828
79155
245926
26108
363091
272359
498545
108829
84298
7029
731220
26993
665943
280658
653121
240354
363735
11329
20688
294562
5093
291440
286053
3054
15511
100042943
311658
3205
51616
6749
129685
344787
21848
313906
29589
73390
313264
23038
102639543
308845
288651
24518
66671
22393
71059
19885
230119
94112
619310
13982
130916
503627
124906452
72504
546263
85004
56456
20439
685072
679974
232791
60595
306956
474381
284358
66213
252962
19106
13436
293586
55929
170740
2275
22806
292935
84010
7700
288736
303504
170622
8850
171379
10189
126375
689619
116674
361103
171078
302583
56351
25898
19668
192170
5469
10472
54729
81817
320683
14158
170910
52592
947
9569
114510
7323
290447
19698
51548
4090
4968
207785
6872
89887
7514
66214
305584
316096
298681
21427
619566
361724
9392
7004
3720
287249
171124
79698
193736
192110
9667
448828
215627
8330
81710
73086
501546
68040
289026
103690342
166968
14357
474
67381
315139
84142
57459
64571
8856
237336
18854
675
26896
63840
83852
10520
216274
6659
310859
303398
208266
687127
5621
8468
2963
100131980
266774
2114
12879
9968
114565
64899
300197
289831
361096
1822
3148
19182
117154
11339
315689
230936
728410
14958
500023
72981
441056
90649
18987
68346
12915
15273
23030
307545
303469
7702
500057
8863
353088
231986
296201
690126
54367
365564
294640
15431
79609
79230
7158
100288687
9013
77264
246273
12539
305858
7428
51804
730087
216285
51397
4851
338917
390992
140628
403341
156826
24817
163087
201798
17928
497987
319164
59126
361162
26919
4213
9442
232440
319170
296501
362665
64898
55159
49854
93134
54891
109115
360592
16905
78251
224656
71828
64303
4796
17002
91661
57752
320549
66855
10572
17132
147660
29057
229534
23135
29535
16969
353310
29381
84574
310614
22694
268515
55840
14897
375748
29099
305171
381867
211064
374655
54324
23013
22944
100289087
170930
5928
84352
360960
8362
368158
9975
23051
26240
54796
25862
316164
63974
64855
6881
171068
70472
80288
9612
80722
225518
229615
128966599
284306
57336
60421
124905615
9923
130497
294388
58486
364910
76854
22591
171360
83833
260321
4605
18024
3212
304798
3020
232286
303173
680576
80306
170828
6928
7422
84622
308976
54939
68675
208595
109711
192147
292820
546
212139
4854
72416
100366024
51755
291999
361508
16873
15077
124906479
195522
96764
283899
64685
83557
222894
2034
26927
306764
1028
100360041
362537
231991
52713
79175
66816
7332
29947
1316
306066
22289
91392
58922
7343
20684
54254
680620
72096
10456
289717
16825
223773
75580
293345
56086
170959
11143
100911672
307616
83990
6446
689788
362194
200350
236930
3670
56977
81004
500972
108000
297699
84525
68991
4089
56956
208104
304850
26885
3007
25154
54625
7295
5897
497896
24674
728395
316214
66118
338699
311910
304714
81611
18616
116648
10973
66126
25099
622480
79831
7490
7913
67788
679357
117232
278304
728957
72556
26420
579
688111
170917
7936
12843
51351
79366
298575
26396
286826
13018
286975
1977
80859
27049
11614
18817
3209
7760
498008
84148
20182
7748
18193
51003
7227
360471
93973
72567
18988
291145
108348153
1961
200186
16362
313365
68298
18685
7746
22608
94241
84924
13206
83396
79800
619577
57261
8896
390937
216049
365894
66983
1499
103692131
103692127
500239
316737
24896
55663
282844
192645
6601
23808
602
84656
8237
63893
225131
9337
154
685378
10362
12607
232077
680549
502846
497672
10906
56979
11105
68196
299116
684681
298687
361769
60383
689820
64441
4661
53422
298400
10657
5371
64826
84215
114592
221833
679693
359787
143689
17933
55206
303164
100912163
367314
17864
17535
3394
74763
192176
4825
1278
101544
10221
299053
68750
68153
80902
15370
362110
55791
81827
315088
381404
140588
67773
29890
306816
497897
10318
573
21422
754
18142
23133
66935
305152
233033
293701
73389
228491
313558
499762
4299
23412
8692
50964
7337
14200
8878
8357
17131
245583
8994
29808
361825
653390
23774
653543
299897
72147
6880
30928
55769
688
56207
20588
2475
252891
110651
26914
360389
295297
23064
64127
349334
4193
353274
26582
53417
685729
90850
2002
2023
20466
210162
13198
4211
26471
197320
79577
240087
7181
6424
8458
234219
10284
19062
7041
366598
79829
8820
2976
83383
269344
269389
56380
100381270
243931
65026
117149
100271849
641
499380
64188
360534
8345
14815
269610
69821
333654
6774
24954
59004
3312
363269
212712
5089
18511
23189
290831
313478
18709
68077
68744
92283
14048
1290
235441
6497
60446
299805
299186
147923
217031
23543
29101
288908
268448
24209
319601
29102
11176
313048
121504
103689925
23211
100361138
56637
25
6095
287521
84108
226442
26523
18609
9319
79091
211770
6875
67111
619665
13017
680050
285971
64383
56249
362258
307927
10168
25383
243272
361107
140926
235028
499874
79692
15191
349075
8313
272382
66993
10320
308992
81674
12042
290912
192197
240514
284346
102553866
27081
114142
55274
211651
12399
93696
100912262
24105
1027
3170
146059
5601
330890
58160
19016
313913
197407
116490
116639
4207
99890
100912282
19763
6304
13557
80264
21429
22775
365176
26386
124906486
8089
22750
55082
300029
4117
214742
166
304342
1399
64046
11906
10771
84671
8349
8971
10597
7576
91748
654254
51813
7101
664805
67674
104348
257
100192205
10794
197370
23338
23983
2299
6399
25149
50701
200014
301034
231602
79233
4916
12753
232878
433586
361999
664799
8914
21413
7586
80732
362667
85489
23897
8364
314310
319171
253959
6045
304809
149628
22218
1954
300257
320705
21384
315337
9726
25459
13180
230233
193452
8048
57593
8609
312398
291414
216154
3201
26468
9125
66172
90655
4659
128553
319758
100507290
300807
10499
6672
270669
220359
2068
299648
137209
363289
116543
905
12055
51460
129025
498407
8544
295475
12928
497923
18762
288444
80751
15427
305999
307124
10780
20218
9479
7589
22416
124905619
2874
79364
295538
407823
319191
363292
11799
342357
18742
100072
30841
7543
499563
287375
18617
216799
340543
1855
24362
69109
69009
15284
11043
201973
287662
680155
83508
29279
10011
5458
8900
17872
304056
100911453
344167
57763
15248
309859
239364
79245
20846
284312
74691
430
7712
238330
295231
79921
162993
155061
12396
288770
20382
21339
348825
102182
654801
79818
213464
100042944
642280
301476
308523
367034
3087
22025
83637
1024
124905623
25155
25672
25710
17938
363872
18140
54856
5204
320209
51085
302711
73381
9643
17703
19099
23994
170791
6047
9425
361711
235469
170394
18132
297093
72465
6670
54531
24559
8346
22286
326620
112488740
71990
497914
64321
56218
301119
689161
22850
668976
362817
22751
7716
224903
9441
362871
83989
102554884
237465
18993
294236
22906
55023
101739
19687
20602
18023
12443
73914
18771
1052
84584
79673
55636
56424
21953
128966595
320790
18291
270110
24948
316209
67151
94195
65028
252838
288416
7587
14461
215418
303907
74996
1523
310658
70511
55565
307641
7290
10732
6934
54941
84505
299569
297879
4738
84046
20471
133522
680122
300446
63872
311764
217082
5292
310233
9663
30832
306492
13388
343068
89870
75387
8968
9439
90326
170826
113948
22827
304569
100042946
11240
214133
305391
10140
5325
11545
56771
60376
84851
21415
170639
8969
730051
500281
110147
242509
3397
315308
84667
80319
6256
303375
56154
100379661
51602
311165
54194
14025
80314
22724
26009
158800
19250
24337
313539
311944
363185
405
15407
319475
81771
51385
89819
148479
21350
74481
100042939
9247
291137
57496
230674
17128
988
118445
9015
7049
7555
362896
3192
58158
23168
126208
287462
90333
278672
307829
64466
14000
57680
80218
93349
192651
3398
268469
362819
55011
14183
51270
4904
11060
319159
499900
301076
309165
227606
2063
284058
252880
209200
72020
811
4863
329934
7040
7693
7703
306814
233887
3228
66317
4928
245109
52639
73703
7015
378435
5757
75316
319166
291773
117514
140612
217069
9541
101927685
15405
314988
100506403
9841
208908
15251
54790
284323
117526
114825
64160
102553002
16647
21817
20924
165631
50911
294512
24516
84389
147948
170823
7592
4294
70088
25776
12395
81601
22290
98386
30818
12180
84481
27022
7975
55212
69587
2313
83828
25581
91664
12454
8970
381678
9085
18627
17420
7728
23316
14121
112488746
169841
57472
245000
315210
7089
22070
208647
56505
29619
100041581
13799
6938
315338
313713
7752
73729
124908981
682964
29844
13486
24680
81646
18503
225872
7508
139886
55140
110052
298189
1408
29515
109331
52808
360917
303903
75410
57379
1749
130951
16859
304271
401898
51157
118738
192119
67738
114208
25799
6996
18129
69807
90075
26427
365877
14245
239985
84600
109889
24438
77044
320165
54583
17874
102548778
85423
55893
3226
15223
23520
66077
20817
170909
22927
5450
291023
114906
7321
5966
16906
266711
90665
2623
69726
9802
8536
387332
57209
688642
55506
5295
288155
243906
5994
18994
26287
7764
56987
126272
5530
16480
67959
10716
2302
54284
4821
689988
83855
27319
94239
298441
596
314870
915
114519
29357
1459
90390
316327
171503
50791
315101
91752
11622
83782
310612
363849
56083
50805
51366
109663
22680
648
67230
93624
241494
5600
57658
25301
21833
117262
498607
287095
312491
25833
7494
3662
9189
64395
170820
151194
23996
12534
29086
79365
497798
66056
300054
345222
18600
99730
79788
501403
283150
5991
56532
103691557
295327
688502
363002
29575
114606
252829
73845
171086
287185
210105
72065
685879
15377
8361
366954
97165
691157
17859
15423
306960
30954
269397
97908
29946
7569
63976
5092
18408
303730
12566
112770
10661
8365
65019
20668
360588
84444
25888
7556
554045
313352
101095
3131
12577
14912
9314
16658
219736
9278
83439
11122
80349
29109
20851
6615
341032
607
691589
91975
269704
79191
21888
305066
232854
71131
29806
315305
58230
106504
619575
124906453
310194
342538
55063
26013
17979
58495
296281
316087
5078
8022
52679
8178
292569
235497
84787
287942
688328
23376
364706
217946
76901
289881
23648
647589
83805
340252
10424
22059
627352
54267
12190
24152
382639
124906466
328365
8453
5914
21676
80707
9759
7741
361877
114090
27005
314384
64453
8819
5602
25445
116668
79871
3965
1387
1761
8932
170900
5993
308755
296344
326619
9212
23885
20231
218850
363287
100911235
93166
7775
12609
23137
122526778
6651
29677
77605
55031
14255
66645
229055
360198
15422
363836
54456
233056
51588
24356
81789
56081
54608
15235
217732
230848
5013
27097
64375
18612
24208
17152
546118
100360291
171454
77862
18099
57432
292892
15441
1281
7832
216853
641340
90233
571
313993
68703
84333
203523
15331
124961
374899
7766
353187
688288
21389
306819
367846
2735
303614
10450
3104
25561
81879
22791
77987
365226
3164
18072
23272
55552
246047
239719
55922
7917
6474
22326
6662
6671
20667
288597
14084
679028
367106
688968
2119
107869
23636
54862
3149
11835
58492
56761
18507
74370
365744
50689
15460
29417
24571
304786
10113
15361
27057
15387
313678
384452
79114
304103
319955
433693
7080
364475
5290
55197
110524
682469
727857
100360638
219249
54633
1020
289185
7251
1104
29508
17764
319152
239706
24854
689909
79753
290221
9757
288906
499309
291849
3146
7699
54276
66410
101540
14465
57326
5619
16337
138715
105689
55900
499952
151871
303214
55729
51078
665780
287710
257468
13619
366975
503835
287469
368120
57116
64530
67923
7691
18515
54244
10014
17354
283337
228731
29384
307029
294030
72230
10197
15183
294975
11279
57178
51042
3717
9869
7150
16373
3223
360030
53626
431706
8543
22689
625480
83946
1407
254065
92806
113835
13176
114609
14283
3224
25620
25925
67239
688583
57507
363656
65199
56438
14106
231386
15430
124906477
55139
67095
642658
6473
74716
53635
72749
59336
20289
17293
500030
297783
287871
170067
2120
140489
170914
10269
389549
161452
4435
27245
148398
109689
297867
11864
103690114
313702
55749
11200
312916
317259
54807
672
255877
7597
6603
219409
24471
93986
4223
302962
6917
22661
308592
84653
685697
8427
171506
7005
6909
294693
312195
545
2272
6801
6665
59016
102554102
14836
9889
30939
329
100978
288533
13805
287280
54989
14885
55183
679346
12227
319748
5604
22654
212377
6759
298074
74499
102550344
1112
29149
21405
54851
10987
240505
12144
11164
22701
18171
59036
353256
7052
56998
24404
497961
499095
70601
9403
22992
9640
29108
292301
315882
57645
237052
310616
329002
304005
2022
101604
320799
12022
307547
74533
83635
306328
29080
361668
103689931
69656
689523
10915
59117
74106
15227
110354863
500235
53817
170844
319161
192226
15525
103694865
319207
25587
19401
9099
5457
75953
362809
374879
10943
3216
4287
56916
9794
108098
690911
92129
269585
19656
5701
101927189
362501
64550
83574
2139
199704
64754
10172
8312
383491
296478
6867
72368
303946
442425
404281
164684
362950
17286
12322
12419
116670
84350
11016
93681
595
18088
201097
11878
14632
75796
7799
8193
2064
233726
16826
117063
5915
58954
22993
18751
230793
214575
319154
17977
18012
25522
278174
30946
302415
500574
20202
140467
338354
25677
290829
219541
3227
307474
266813
16842
85460
57259
90523
114521
21380
361765
23523
676
25498
14843
80838
91133
299606
246279
238673
362668
10521
58206
317575
9338
230709
15207
361798
23515
109151
289810
68975
8367
290359
19708
85434
18143
5119
17248
23269
319172
124909317
21408
690752
13163
285267
15433
155430
9242
64651
113898
297705
10795
500928
6850
23939
685229
56768
67490
3663
11063
64864
4802
291469
134145
66653
313128
113523636
98999
90987
85482
14239
293674
171329
20020
19724
22166
5700
21416
497881
11350
79759
26940
7753
81816
22984
1719
85508
19777
115196
303753
226169
9682
114490
124909294
387
6827
55814
2104
53335
381308
102723796
362594
57761
366960
292907
19285
15505
23567
362085
84401
4899
684085
317213
149603
24459
14479
498038
690895
66597
18767
294276
268936
288489
109275
360972
21388
8601
3239
54737
114512
9678
387132
7529
23082
140477
316524
78266
112399
25098
80853
365548
291787
14164
14489
1876
296953
148203
691610
54107
14462
6271
10923
3096
4990
10600
7091
288242
7988
115768
306659
320713
23938
55279
310644
13629
17355
296653
264064
11911
3204
9988
291844
9025
3092
13798
366126
56252
362103
83721
26609
8239
223527
3727
73668
677
319168
240690
55827
619385
284428
8125
54650
12069
68705
990
29361
54904
201514
69257
2962
166815
171073
154150
80173
646066
214384
1017
214162
295692
3508
140938
363188
3198
84576
55135
8915
67664
449521
11652
24413
8607
342908
79750
18044
9480
1663
57749
5569
19821
272347
100043757
75273
147687
55196
25788
117560
64764
311508
25664
4204
50709
362093
23558
363493
54422
314616
13172
51504
284390
11910
18985
305589
54237
498840
24705
246060
730291
17701
690660
815
24069
234023
108058
984
21834
199777
17870
209357
235626
13395
50678
84678
319965
56242
100360757
84934
282546
64412
24508
23660
646
4869
12393
69852
22061
301516
331532
686323
17878
124906483
293012
4848
108348112
245924
3611
361095
10224
266712
9935
319162
105246
345643
16911
15205
362741
57782
168850
83945
157848
497984
68558
319160
106021
100910616
116590
56707
81857
169834
65218
58533
54308
25640
55509
300954
306455
22346
116904
3181
12235
29511
269870
29300
653404
79755
8573
50943
865
7469
58851
56613
55609
7022
17193
137814
293494
380912
690795
23304
65998
58921
20957
285349
2308
388558
20901
54245
59022
7468
100360427
67026
309871
6279
71101
121643
348327
230673
361684
24883
97122
18091
387640
100039123
9915
57677
13649
90589
72895
8976
644815
124905613
289129
114499
52615
362176
54934
680611
70122
116646
19056
100764
307305
148266
282817
68098
231151
30937
2078
14240
23857
2307
22834
67378
12572
144108
5396
7617
26043
51333
54401
229906
361217
118
11107
11472
51742
7771
23967
80336
12785
311713
20674
21907
6908
679712
11785
317715
363026
20201
9958
147912
84083
74016
3203
360161
22282
6239
27043
20672
30836
57436
306817
54927
234776
231044
690516
15108
67911
653427
203611
1385
3200
306226
289595
381373
362249
7626
309613
7182
64391
2648
474156
317399
246271
728403
168544
287432
57247
92822
233890
500538
15375
309069
299343
167826
68837
7090
58839
365155
309447
14841
216874
307213
5359
124905612
1482
8538
18813
361060
60329
12568
498642
20482
22882
27050
291908
92002
18102
8888
286965
71514
10454
114502
15904
84891
228598
114803
114212
55892
680172
298247
391004
60563
79923
139324
3211
18124
545725
362962
365963
296619
361815
7582
646103
303970
299510
19127
440515
319176
366964
55249
11737
54971
20962
234988
4091
9646
83925
18292
24472
59093
1106
24631
9039
26053
240442
66354
75613
26036
50721
311872
297597
129401
214572
5595
6493
84289
291987
114491
681178
167465
30009
363412
7745
85453
114500
12490
14238
2288
12953
3171
190
20587
499146
10013
12224
226182
74238
1051
7978
16874
22339
20184
54039
307947
52397
83571
77771
140589
25737
58198
51188
63868
287571
58523
1911
66511
80095
52690
54906
57335
53379
307366
7727
293488
14933
298449
18014
353282
57745
84627
666528
24414
217166
81813
9733
24829
64424
364152
389692
7319
80778
9349
67235
16650
72693
103690203
6666
100365779
24253
305064
708
680201
3202
9457
9849
54387
66596
50524
11855
367
298894
294322
69188
193796
298850
23568
687553
3162
81822
210719
56399
114520
58524
4776
24874
311575
4778
361431
2931
9100
680127
309434
266734
23764
233902
440560
21428
77128
5453
155054
268741
66423
301737
19712
310769
10782
23327
73251
498749
25492
291772
117540
23378
653604
7695
221477
252886
29560
497986
116550
55835
84509
51496
21331
296510
22691
83737
4999
162968
389058
80012
98053
294336
388951
52708
24309
6117
23414
499510
5308
55578
6775
7772
5481
307106
632708
22877
9925
4761
5599
114705
9113
116931
3309
100910753
8625
11793
546024
100503355
11632
146542
4841
8208
9862
100361710
11059
120935
25050
66019
128966671
12017
18510
74735
108143
5771
64710
58231
313647
55818
113970
60349
11923
20689
1840
646698
6772
12677
170849
66266
104797536
10691
100909750
84105
304962
308468
54998
365371
23389
311723
6736
22933
304941
223513
162966
124906484
4004
171356
124905627
8411
364785
66556
360819
18226
109108
5430
26574
102548693
51567
56856
315211
80709
90317
18736
381359
288153
24840
114785
77853
78973
67685
9519
23989
75725
306464
387893
293621
3015
148327
227195
501127
311547
223723
391742
17536
15354
22773
120237
83561
18163
347344
53982
68479
90853
26206
55079
296384
219105
68045
10620
309170
148156
15437
362831
64641
307498
2081
22770
25336
5452
10538
84684
93679
246086
112869
11991
266680
23741
232187
151126
6427
73884
58499
654309
1871
7205
83714
64320
4665
5015
4861
305851
11036
30051
113984
25988
65251
7584
253639
12265
19213
100911576
11624
305811
70208
71597
29700
84146
23090
7625
3012
3235
102556967
23429
5687
210766
25100
22648
124906476
104360
77627
51869
3609
13875
6591
695
316580
22110
6596
333929
289754
55677
80063
94353
309550
5763
6663
10428
226470
83785
2146
83985
22431
360609
4798
208146
684828
16872
8195
81649
29994
17765
303403
79401
363498
118471
152687
138151
499593
288151
10084
312480
24460
2099
60373
100129842
314131
21341
83586
291567
362399
642819
86
246175
290794
63035
4149
234135
124535
15950
66660
22904
367092
12006
78656
3059
146198
330409
80338
360552
12217
29673
312647
312897
4342
83830
293165
2310
6294
360961
320522
332221
21886
163131
18025
51575
51564
241915
56978
361532
56381
50907
64193
3236
215693
170574
16917
4300
385312
100289635
123169
226075
10419
150572
51087
140586
83695
83516
643836
117280
1616
94093
5977
290925
3183
17681
313582
50724
27153
192657
8329
238803
116549
299295
55810
9391
74322
239528
10930
100909824
11142
140587
23957
79576
124909093
71735
54784
682076
8354
304275
79084
114503
124906478
29915
2355
5087
57332
22890
12951
21750
26466
1788
8061
51741
228807
319944
500569
67655
360815
240590
57473
115509
24522
84265
3018
16764
67057
362464
84458
232969
314245
20181
107503
51513
26379
500666
147746
14725
4676
309638
1856
373541
116810
1457
499417
3304
366980
15400
150094
116456
303321
303991
11030
329559
7110
109593
85474
4615
21678
100041230
215031
51655
5916
679713
55145
117505
72459
26147
6613
12173
64595
67488
21400
100911917
100040462
70625
3725
282843
7311
363633
23492
22404
50868
100361133
302612
314949
303763
3234
291423
217578
360477
121340
22698
2736
19013
307726
22762
361688
414065
56321
63973
79685
3169
66830
17341
253738
54738
58853
4088
27287
84385
116115
84473
308430
307919
498390
12229
81559
360893
299905
619279
23872
3665
30941
55127
80227
68058
124905624
68943
79885
114498
112950
303016
18763
24831
689864
408068
303101
688133
19231
55723
103690132
17973
6829
114501
56805
18096
320995
6879
271377
114634
56353
7334
64210
21835
50796
5139
136259
8031
404634
366203
15982
308913
310461
214899
4808
69743
103695118
65027
221895
315748
361274
361335
246299
313978
353227
1747
266812
7738
300160
7776
221037
100130302
12675
6923
98415
20963
74164
64520
339488
2961
266670
225895
282845
287961
13496
3281
16871
20174
140685
72611
57233
11278
310659
374900
2016
2971
18128
100039681
298696
3622
108705
363291
80298
315309
79677
124905625
294018
85329
301035
12611
100328908
24074
29998
13543
7696
191575
1029
115771
292934
30951
6884
8338
112415
124906463
68050
8368
20728
84913
304063
81650
294328
441873
12593
100042931
15218
12649
245596
316101
216825
230796
302812
308362
55124
271305
224613
9736
17451
29609
20220
84113
503124
22893
13392
1879
69125
67109
72568
22088
114087
691379
147837
100505852
159119
24890
360481
4654
217995
359726
103583
113983
10579
66255
7637
117107
687
665902
134187
319535
103690123
51535
14182
291964
3298
22891
29458
307362
56361
10474
124909015
4150
10856
305624
306330
5814
11865
282825
284119
25729
54620
65193
55758
22696
14634
5784
367944
317772
388112
862
18148
73122
22634
83614
26039
680915
295654
24666
691857
343930
299206
307485
339318
18676
90378
27374
55766
22757
56233
313049
79255
58172
9730
124905614
283489
20024
362096
54601
128966672
79237
3014
13714
17190
64345
499313
243308
292584
29843
9422
15364
339559
315606
84474
22640
66970
101867
7690
84450
303905
84441
9831
364081
108348099
18036
66104
498633
3726
159296
223701
52662
362675
71835
303281
306353
108767
19015
25243
361196
117287
23286
313436
83860
353355
3055
124944
408022
110593
316440
83984
8350
5515
301020
16876
2908
381695
291705
55646
319192
2304
8331
80748
6322
9668
73181
81550
10847
24703
11921
21909
3297
100131827
100361558
378425
64800
467
9611
13709
101543
79903
19720
296511
2074
26417
94246
107889
66568
73430
79447
688749
306527
257218
116725
57602
71702
329003
26413
51773
64211
7581
72843
84503
15399
30923
10623
17684
76199
225182
21417
277353
363599
225631
65243
366953
71163
25573
25272
14201
79973
15184
107951
18035
22778
11482
20585
653657
200424
362791
10036
7627
30062
25879
312800
685102
7466
57756
644524
24370
29068
15182
297333
13661
683522
9093
12590
310615
644353
29467
65980
26371
77035
79718
7942
162979
66578
17261
113931
218490
246770
315039
287380
231130
259241
3329
116986
293538
290939
168620
675812
29079
331623
5927
240869
261730
282890
56937
73191
27354
498982
1811
69642
5296
70439
328977
83617
72480
84426
5929
108348108
309888
20475
117519
24962
51812
14775
13593
4793
26419
9271
20682
9604
99377
232879
70239
2241
51497
7259
11178
284695
314329
301570
6233
23506
314910
360886
309887
11315
290270
245595
67768
22038
366856
4001
361526
25094
8287
24185
287533
148213
502759
79811
105980076
239027
19366
10656
84006
228913
5612
689210
4097
23261
29842
65161
60611
90594
128125814
67991
7769
84456
5663
286990
15368
67222
28989
244219
680021
66008
20393
17936
140883
92552
207
498995
85403
364418
301442
16907
50505
1487
7709
25337
387586
193043
22260
55657
56310
7994
90993
3660
9745
4298
64031
6498
287765
116685
306347
12051
2879
100910046
22255
219749
94039
10498
13498
5310
109333
79088
117024
15206
671535
303378
6907
161475
5534
84313
108937
20465
94222
22712
7392
22976
269800
201161
230085
80818
12916
287638
292044
7694
13711
679869
4000
26409
10302
70998
200315
306966
269424
2332
10360
406162
320332
15502
10111
10616
229003
309389
117143
126070
252915
316711
10336
83743
302811
58521
17826
108946
390963
292060
28951
84256
283078
57354
200316
668166
66471
170818
22646
7756
311832
100912936
117242
116871
628746
100909604
11035
25515
312154
689972
503487
227631
27443
93759
306096
124909084
681200
22780
91433
10114
138474
100360982
22697
64376
22678
54811
296500
152485
59343
71458
30012
55209
4361
66725
226432
27000
50658
26992
71241
647219
80854
23326
68251
7570
74838
7562
64144
6433
501138
79190
5456
26295
26414
15468
15162
80312
52915
116447
63934
140597
390874
11792
8359
11218
65990
501174
18761
23894
113990
301965
100910207
23964
201516
291737
100158232
100683
289307
27332
100365683
225998
24654
25513
4171
59328
12387
12418
5463
79727
57765
29117
311661
8851
29492
163589
309374
71722
362268
295248
403174
304157
307740
17955
20729
9474
26257
12591
2128
114674
13194
94352
3481
313594
94234
319157
2186
8187
687029
124909320
69260
7564
76900
128706665
2077
99480
226691
65992
66505
65050
363017
10664
55269
8456
13983
18506
19655
148198
56011
72344
5170
54626
7874
158399
102548695
305494
10413
83807
6018
11317
208677
679203
26754
303918
93762
50913
499497
29942
13806
114028
124908980
291164
301515
319974
12759
83884
1107
64290
93836
70999
60351
319153
79809
668932
18667
70461
657
124905621
22880
499090
55367
1149
440097
21410
22873
245921
79184
6717
22259
3175
9150
11546
94088
20833
72440
224727
499964
77632
4675
57659
7567
622675
29203
25276
315133
387103
297523
2005
53975
5316
7574
687424
3207
6944
29219
9326
29115
7620
10038
361400
2033
8284
210982
102423
19052
13199
6599
108348173
5080
196528
77889
5885
103806
9139
207965
362686
294515
84164
5590
234852
391746
26137
4093
58525
23512
9534
227292
863
17268
50927
84382
23710
362607
689054
314598
30877
7580
24839
287475
316328
211586
17119
8621
362838
7571
689174
214855
18412
236511
499653
4335
294395
388569
10892
364855
10409
288105
50496
255403
80237
20807
308449
19645
6096
302582
55223
10614
18569
77286
59086
69562
1997
208727
68231
15902
147741
29394
362591
309680
306007
440561
150709
7027
20611
2306
98558
309626
339
6667
304947
51442
311562
9124
246149
116698
681359
124906485
315883
6300
100912585
382236
232934
85420
73674
25671
51282
109032
103537
11113
7707
5587
361237
25022
688802
83766
25311
124905629
296301
7762
8658
17342
102554302
81856
292206
309595
56031
309430
56160
67694
291736
15201
6598
24706
4524
8535
200558
22224
75560
56461
304204
80345
51791
214158
652991
7430
27300
311353
17975
55994
69228
114485
20779
29134
124905626
22772
27064
5309
6419
308126
17258
689844
220202
337868
18089
3233
500562
17425
6732
102774
7701
319236
63977
342945
15193
20747
84327
12877
89820
13555
8358
689582
51276
293568
74244
10765
57491
5111
132660
21385
319817
320080
2113
84838
23598
300206
381549
102552640
293783
51427
71468
3066
12569
13205
65982
1263
18020
4209
400720
14302
56339
363249
228019
14633
124906460
25734
1022
69496
9830
207618
2203
305968
244713
124790
306840
313554
29841
8467
20586
58190
4101
308420
214917
690538
269275
163255
100182
10608
84823
100043597
328801
8930
308387
4601
308999
295965
680537
245806
2309
27878
67781
268903
286996
83881
4094
20937
6197
14842
7071
69386
23291
266740
14009
22771
57316
199745
304567
16371
311071
54361
67099
26381
317376
729288
22350
310375
66513
15507
16596
233875
305549
5563
51788
22690
499651
72114
282827
103689969
501145
56940
367100
16202
85424
14281
135935
214105
500129
122402
23650
15213
84629
360858
679701
5195
2972
308311
19416
56731
304054
13796
60447
9440
52028
57109
14234
8498
22980
56033
683504
26292
23270
50662
300947
9970
500156
57158
85471
93674
7341
498394
303518
8335
391257
14312
163126
303617
124906490
641339
685258
64769
106583
303399
57822
54457
7634
109113
68073
7536
683593
753
17134
499361
7757
685691
5518
17122
100365363
227656
13876
384763
84580
342892
100859930
22210
314621
366998
303250
53380
8986
72949
22869
30944
16477
55904
75467
9960
254251
23314
378708
5716
330230
8553
84107
22589
1786
18740
108155
19017
433466
388566
55746
582
65137
312299
291047
5077
57746
294258
21803
284307
315713
1642
361416
85416
309095
27324
15163
84527
170734
7862
23466
72155
20111
7159
171046
28991
301676
3475
53314
21849
10206
14582
29577
15469
25895
385674
5901
71904
170671
25476
231769
154968
1500
18708
306400
90780
81819
21677
25850
23379
84124
23152
16600
5324
25357
26443
56198
221656
4849
433375
30827
81673
81507
5591
8431
290997
327987
26296
171302
19664
305451
2624
59035
300367
390980
170842
8517
83456
22722
363481
128966673
7554
4297
361967
108161
288272
192109
11746
365900
8363
224902
363595
79816
7073
4850
170958
76073
192350
55989
170911
5584
50518
22385
77578
292751
16918
7013
3429
21386
100360914
22337
192352
66226
125997
70790
7541
688822
19255
55257
362453
368203
57615
314306
6929
339344
667823
287834
7789
13433
102216272
26152
75627
14013
107823
118472
27154
100912525
56072
214230
362581
67334
300470
56784
25221
54264
56397
404672
2975
81810
17126
319695
309001
70673
22847
54581
360737
7528
7755
70508
9921
105787
691842
29997
20675
22781
54287
101612
286899
24675
72562
303274
15270
305123
4057
10772
5971
29128
303470
309565
3899
100359464
299210
151507
272322
94165
7342
270210
11281
64470
297627
100359821
499362
53325
124906480
29610
79595
305501
30942
84472
246791
76055
81634
259270
315136
18092
307579
72180
54678
14472
71876
19725
298648
15111
107829
84504
21375
9905
292541
26584
7376
19291
230753
55915
289468
366078
58506
314319
585
17246
11168
4188
13544
244349
20591
58243
20680
59323
2491
163223
15258
64635
606496
292404
22200
22887
9282
269639
14173
639
85483
51545
105372267
10848
148103
58850
342926
60485
209707
22954
4801
8545
102209
84469
645996
9572
196483
9967
60
72720
309457
688600
75788
114505
4784
116113
7743
501550
360896
299514
688843
83826
100912108
7593
497988
313557
11477
8332
682507
15242
112488747
314856
9324
10155
149483
72462
70238
84424
56296
290350
270004
1428
112488739
365299
4303
728116
2876
81606
544922
313121
54617
223870
71175
84482
56950
79902
220992
22688
100911660
28019
7544
170956
287940
306665
317546
26098
293624
20893
124906487
74287
122953
286897
23409
80720
76022
362391
314423
29588
58967
6208
441234
23119
119392
100129583
124909332
360531
241514
10174
225908
24176
20877
2738
362844
500108
67956
7566
388567
226896
50554
313777
284355
54799
4790
130557
294680
107182
288306
8452
287076
6041
79177
2298
305913
313484
89780
25631
147686
74318
12192
55536
158506
64041
362981
269401
234959
4807
79918
300955
57376
26040
72135
103692164
497009
388561
3661
311245
5455
83796
110157
23347
18712
299647
387131
214669
23132
128966656
79225
84765
224440
102551340
366169
5562
2004
307376
288778
2967
23411
11137
170742
116665
689
100362548
29741
294687
347853
12592
361925
69792
686412
381990
25446
155437
12151
362418
71268
54816
314545
284349
312248
680678
313027
319167
291541
90826
244579
9426
80034
55806
4261
723790
25822
20849
100911519
316626
326
10553
304514
10025
170960
18986
57567
6885
51592
3213
216877
29748
29565
252830
644168
50862
653548
15404
299199
401541
4084
17135
293038
434218
74229
647044
10467
25690
100910882
69482
107751
7750
266787
75329
64196
316216
10838
114026
226695
25803
145873
16815
330474
80712
498112
102920
389114
125893
128854
27161
502316
8531
6660
252973
192269
432731
72723
241764
84017
363630
54343
110794
293104
10660
292884
199692
402381
314393
50804
2067
619436
78783
381410
252856
4010
117045
315151
320394
472
5578
124903710
23067
1870
50545
55689
56970
307527
389136
84324
499108
296099
6496
1050
2957
20583
126231
15372
76238
64444
11569
55859
4100
20610
218100
499951
2101
67219
7849
80764
219150
7553
328918
307806
100073351
146050
13870
55290
22936
5728
25705
218333
25646
10346
56848
285051
344191
18002
362489
29681
1025
19122
229937
18479
75746
131909
299061
362548
680522
124909293
6794
304479
5462
20678
93684
70427
680111
64646
308415
22754
297480
81785
9880
79891
18626
1163
9969
55795
346157
79618
18037
65986
303251
285989
501625
23871
94244
25129
665433
15432
5449
219578
9079
57246
60533
55213
56888
72569
9658
54969
13132
289664
1875
79124
140593
5245
362704
21813
103690827
227541
27221
15353
328
6847
108989
64702
10042
243833
314718
13653
114889
604
58487
681901
72672
10927
22195
80108
225280
84916
319530
83993
79733
162239
227644
2072
90576
54937
13548
170936
9208
74120
6621
5090
302946
6788
25148
21885
80139
16179
17142
4212
311553
113894
56275
682914
9516
317343
55693
58508
79725
22809
12608
6935
18769
302593
295052
6927
11797
294787
67255
161582
12020
23076
66824
10361
10150
21426
124908988
292816
51720
16392
7270
126295
100137047
2636
5989
26465
13865
303547
51111
313219
15285
84193
316129
7534
3299
170729
282840
5585
363212
17978
231051
124906481
7767
114548
22215
312777
361544
15414
64750
84351
100502940
8473
59269
4800
25317
78972
7157
91
16656
126017
100504180
23160
9014
3229
232337
133746
728340
20481
57597
11243
389524
4009
341405
126068
79101
363831
54828
293668
20204
60462
60468
554313
109552
246284
287155
79116
83591
235559
126299
363220
293046
363632
317268
216439
314704
15401
216850
6830
21887
239546
10655
25697
3659
6188
303201
83477
25639
54108
69876
83744
16475
340784
194588
57727
100416706
17173
5058
12705
93760
12825
10766
296966
296078
10725
25162
361844
315870
10459
22764
18032
293184
10365
105378952
9577
224836
70069
29138
301284
11628
14241
55167
287441
192218
21419
52609
294343
14683
622473
9557
13984
212391
2928
9412
666311
309288
293736
29596
25695
57693
284252
9044
25483
224826
84581
434219
25490
8340
52463
22668
63856
79647
4773
4603
84662
362375
500549
304758
298977
366542
24686
314205
4782
316351
80032
223642
12648
55839
652928
361944
68845
77110
69710
20128
666704
302400
12417
23036
1054
3174
285268
117060
8028
233863
