20729
1163
67488
19374
304758
22933
361715
71458
290997
287961
288770
94352
54737
66578
3608
24954
76804
8563
74319
108348069
124908980
7533
85420
360874
391002
26416
16647
81816
9441
51460
244694
27316
18036
29099
91662
29610
56031
83743
15525
60406
56222
84823
4221
100910616
13619
10014
3301
688802
362981
54554
6894
10892
1857
7089
22034
55211
448828
60571
72562
12953
56613
361295
303188
6195
25855
658
319183
70925
308463
4101
114521
22828
308900
10600
688133
29844
13016
65019
64425
22284
23506
19058
75273
50505
80288
104721
11737
79718
10450
11628
94186
18035
8493
8851
66213
27443
16475
360674
112858
269955
214917
501403
110157
644815
303403
10473
79738
229937
685691
7136
23304
83860
10743
68845
79257
74735
366169
102182
165918
67772
8336
54245
287942
498749
100033459
15260
1663
107351
17240
9321
24874
23523
91746
79809
116904
11113
55723
57805
547253
6732
53605
83933
107566
223513
680021
20962
303811
90665
13017
79576
15354
1111
296102
291912
83884
84582
13487
303375
8355
4361
690516
233900
84424
296374
291202
64898
9099
498112
171119
58184
216439
5987
14030
12534
25400
25729
3014
8607
68040
314330
8994
55635
51548
313594
56946
58490
64210
293615
7862
30951
363520
15081
497672
648
245921
74469
56816
114491
85403
23710
72504
25387
8360
25776
6041
8366
117287
51788
19183
51780
474381
64200
6875
292027
332
319594
27354
3337
117263
381280
9477
235626
21817
55795
363249
312154
293783
689844
292751
168002
6279
50873
319164
104271
102920
11920
55536
11105
498013
11059
83714
100042939
4798
13000
55196
8986
363017
5706
17165
58533
192176
284428
68675
78973
23376
292658
25697
24176
241915
254225
368203
319177
56310
66225
363292
5901
4646
108348070
69496
15278
10428
94092
59079
362115
2444
269424
8368
50964
50911
65018
320705
56541
24514
171124
11799
317346
26554
217578
10541
14201
101739
14725
305624
3508
53317
246240
7919
72416
9079
28077
309374
19281
126374
84441
297453
699
72344
8846
12490
15505
296099
904
308976
80336
4869
227292
319167
310615
15267
72135
383619
56937
69125
19179
687424
63836
305123
361607
498038
154
18393
79091
80509
78473
83508
64769
4666
339
100042943
128706665
14884
23648
29117
5058
223527
361526
67025
105242927
20933
2931
21771
51791
26098
27057
83746
301431
64041
3065
291705
362548
81488
7158
16179
72117
64127
296619
54069
304832
5245
85235
18709
84474
59030
68943
133522
322
1017
29492
55636
232811
689954
9506
29080
679974
297699
67738
23894
202559
54700
11073
499417
170742
266759
303241
314329
26914
14245
8364
81827
55814
307545
8354
10413
116590
9921
361815
55249
9212
683923
259270
71890
2967
81679
64384
13627
110147
18408
66008
295324
57332
81606
54133
433586
303200
51042
2322
69260
7334
137735
21400
200315
67278
117542
57713
9275
501560
84509
8353
25920
863
9111
29355
4287
24829
50658
8535
16151
236930
170644
18572
317612
54287
150709
93684
234388
269209
26419
311607
14048
51684
78969
117183
311487
98758
75316
56785
291541
55367
29282
99982
2066
19822
124905625
7040
360817
497009
24362
55914
51188
29192
296474
71389
56736
26896
5371
14056
108348108
5310
24471
246273
231130
90780
21888
362375
134145
81559
1956
14084
114825
362962
73247
27063
867
56338
124790
54969
12566
116671
108058
310352
128706666
9792
26609
55209
9139
23189
9205
227737
16650
97908
56637
494021
170394
297968
4678
1654
433693
55588
10808
54244
3015
6921
3008
110052
292888
14248
51535
66354
100359916
98496
18412
20585
6881
83830
124905628
68879
84298
85482
6117
2263
100130302
70088
67151
308215
680155
25578
360198
5494
29596
316440
216820
140934
54941
681901
501174
312440
298441
9734
290829
100042922
60485
25895
23327
233908
70625
319173
25515
22224
84353
74244
112405
9404
7150
500985
2130
339287
727866
208
360534
6714
72701
229534
64595
27050
21745
116555
50849
135112
124905615
303745
64160
76073
23409
79682
56233
6300
114839
3190
301555
54680
108348168
10579
298012
67378
15507
150094
9443
83561
70769
217218
319192
15441
64530
68776
286988
17354
68346
9014
69642
6917
21812
51053
52915
113892
56273
140938
25565
59024
170472
56399
17283
245926
12569
79811
24437
51655
679346
8861
15077
682507
298681
4664
101685
72568
401541
108143
85012
67222
360592
51547
619385
320538
214158
124944
84313
79829
310461
23082
501550
80280
622473
77627
99311
74370
22083
14049
10459
78893
20926
100911576
3475
26901
474382
100911660
499762
80306
363014
52592
6830
56505
83620
14055
9039
309170
286897
88
81525
8301
229003
13871
55135
65027
5602
288077
107869
196483
214384
79685
29466
366203
2958
27223
2968
64046
22601
84577
70439
64460
306464
8554
100125373
10346
87
24152
728395
23368
25379
83946
93649
2033
26097
84006
6885
286205
283149
13211
84193
15481
10269
320790
25022
1382
12261
100360307
679571
4188
19416
585
93686
54998
151871
19062
79902
65218
55885
232232
13180
19646
100361558
295062
77045
73884
66310
81898
100042946
56165
3192
228790
100912282
13866
28996
3184
24654
319974
24438
309001
23270
107765
362092
23389
5757
91
15468
296084
3151
66568
56072
434218
8208
5562
8658
665943
161582
301513
22827
64050
51028
51616
128966595
208727
68058
18759
54997
319162
121504
26295
59329
53890
107182
440498
201161
91646
56456
25737
291137
689858
50868
108348112
64468
100362678
66597
16909
53892
287432
8239
728340
8904
171506
8550
283899
8863
257218
12017
2070
108160
306261
10197
23066
52662
625480
306347
98415
100909750
73473
17152
20922
25163
6424
293621
1407
63839
13629
66077
234594
170922
29057
98053
58190
498840
158880
328572
25383
299053
9447
130951
286965
289664
24685
53635
56424
104625
114212
309295
4673
64320
83456
18128
16396
445007
3006
7141
56339
3068
23625
26754
287475
56207
1491
5601
621893
19708
23650
315769
619566
116458
11124
361745
217995
19655
78658
253959
116725
2475
74044
289181
112885
292925
30937
5430
23272
307485
54851
24571
3276
55827
9149
116550
365548
29890
363544
54797
19182
52028
297805
29219
80748
289129
67685
23160
313539
1642
300235
305258
4017
54093
309790
85252
211134
12795
22927
23132
623474
293294
10629
77766
362261
226830
23451
21402
291773
72459
25311
114606
55534
79871
29102
306492
313323
7443
80278
689582
84581
226691
77035
313020
373541
317343
8295
232187
299343
363188
200186
361237
6884
84807
7428
117060
400569
14183
25865
146059
291414
6923
83695
688968
307124
4674
73668
235497
20439
304798
70315
17535
257397
22936
400735
69587
2965
67150
10919
221613
109593
5579
292907
103136
25581
56312
320332
25879
55689
79697
59086
313777
81810
387
329
67674
75387
7259
2491
261730
297627
9325
76901
3304
212427
29777
12192
312478
364398
79813
80155
222229
68077
24828
243910
375748
277250
29104
51499
52639
17142
5932
23081
283651
74026
315434
301430
29855
313647
14302
11632
8900
1500
6046
3149
11315
691589
100129583
100912108
29134
311567
100361133
295214
728132
85453
308906
100911672
12166
1514
23939
18628
114490
269003
18020
16337
304271
79903
213464
92815
240025
58172
316575
55355
71609
237730
70998
6596
201097
672
6789
4524
57752
498910
865
309626
54617
292044
268903
107568
277744
85363
6446
58506
154150
73914
381695
25255
7529
3551
21886
302593
13548
79155
361967
117535
1855
8367
51575
668976
319944
72960
56249
71981
50862
84032
304794
29997
12447
3621
314799
320549
7332
73381
627352
359948
64455
74343
27350
70601
234988
9739
11339
360531
338523
296570
66083
338699
754
16907
363599
316328
301965
85483
645382
312491
101206
120376
60595
55629
98558
24840
73569
170622
11792
366276
106583
364534
361765
9049
311591
100039319
2145
12006
21803
308983
21372
1912
124905622
319191
3021
67985
83614
25942
79114
79558
390999
57316
291567
301128
209011
29108
497798
21665
301442
57162
140926
29673
19687
2022
310685
12396
108155
50810
73708
50689
239364
51504
689619
239027
2960
8452
9282
23326
22631
25639
9150
310707
313121
55223
84962
64010
63893
124905617
286899
55506
990
56950
21339
362342
56404
22286
305391
353282
653606
94241
361580
303905
19106
102162
6478
311021
290631
19720
25842
288306
26610
299691
108705
81857
5530
5715
24666
308896
21813
22166
8717
114774
163126
2332
1106
83422
304061
307474
311163
266787
256643
319171
291772
360662
79451
605
301737
304470
8850
5393
9274
55602
387893
53380
237052
317385
54625
50686
108079
19383
124905621
360893
472
171152
278174
268515
23466
20617
9863
117855
1108
5701
83903
400736
140657
119392
309772
57325
29079
687029
70790
108348099
53975
23515
9555
19777
12005
51282
22668
5700
67099
117273
297093
80279
208908
316216
686323
284058
24649
303251
17451
107321
78986
5887
8655
688466
107932
81528
2091
124909330
84351
6850
57756
9015
269275
14775
362508
4863
23054
7088
7555
268448
4615
113922
124905619
66467
22417
116940
24675
23135
10891
22378
304005
288597
117505
19250
4854
56455
52615
23568
8294
3150
120892
293345
79101
68991
317425
76246
230796
8888
71175
92129
11810
65026
381308
268980
25822
29517
8365
341567
4171
29511
50485
170826
231889
149563
303274
80838
433466
315843
18099
11335
494445
22294
306814
5356
23378
54880
192147
362096
231571
9774
55250
24224
915
691857
6208
5563
10527
223499
81550
6877
55257
67956
15510
368002
26523
10445
117152
72475
10111
170818
14121
10614
682988
24650
25448
665433
52713
5606
73703
5515
16202
7041
233726
90853
7159
83617
25836
24672
10401
2547
72949
3064
23019
129880
104457
10467
89816
102548778
315987
102554102
202151
363002
58231
499108
27632
23076
7175
84473
5587
6500
58967
93973
70069
8334
362103
694
500281
307616
8357
319153
299012
54386
12402
116931
8517
16826
124909320
12226
307366
399818
17216
81004
22070
13649
233532
10075
314870
15951
234135
361196
29950
90826
64424
25050
5296
58523
80853
244879
22158
9500
1954
305851
26396
29843
170828
14309
19384
25937
270624
64863
9337
114592
81807
2280
6604
6880
81
316711
29109
361925
12151
308755
5977
313365
73693
20218
308690
64332
269252
7403
373861
59343
70408
67788
57261
23236
18627
688288
79595
125476
362844
76793
23028
106931
654309
100764
16950
170917
303039
9440
200316
18760
84250
23310
65102
110616
300955
24170
306960
20201
100192205
296078
23774
56406
23144
60
108100
64470
20044
10553
80184
404634
79594
201973
9479
303378
27154
25950
7189
7314
289185
7466
314910
685378
72462
66660
26414
74716
84759
299905
316643
23175
729458
124905613
25
294687
11218
117149
68045
65122
27044
365601
192226
8812
309194
17450
24680
57602
303918
13508
295251
84875
7052
290925
56351
100910506
690660
5604
67694
1432
305455
10454
23989
106298
57496
70470
25677
24086
4582
24854
148479
21981
51322
216799
29417
1653
100042929
314704
9025
11545
8348
29328
303101
170787
17846
105787
5481
363465
115098
232440
366975
24075
282817
9457
9862
12229
124905629
54799
8290
89780
6280
12055
69656
9085
56790
99730
1191
5586
22906
120101889
8815
28984
17684
27136
116447
100360914
64900
256536
10458
4300
124909305
394
56916
498008
17874
216850
23492
9918
81603
1811
689820
23964
314787
55352
55835
8536
291145
101867
217410
298508
66824
381379
12190
226182
81507
366953
212377
227541
10138
21953
8804
5071
83801
9113
728137
50809
84142
381404
20184
11555
66423
67219
294512
308311
498423
26471
8638
64012
124905623
103692172
23825
365024
54784
306956
23897
287155
63840
319159
211064
4675
218850
261736
69714
29982
67224
22215
11060
8479
79447
291691
622408
80314
1290
5347
20874
308592
316477
147339
67500
1022
22350
6595
79612
657
170900
79918
3728
11043
140654
22393
12417
11007
12398
171073
4968
6867
3181
497991
684681
12322
54380
112406
328365
77006
10274
14255
103693776
307106
114705
18150
8864
8237
6944
308404
108767
27374
124909093
26409
342538
11240
18132
308839
55206
5784
341032
56761
80237
305911
70571
14933
312849
9967
6757
75796
343071
105203
68050
295538
50887
81822
29138
10221
6188
361402
685258
289307
1616
239706
301059
1488
361930
64899
91433
8520
55170
2272
233875
14957
51773
282827
22088
20128
100912585
320595
290447
312916
8313
74499
26885
51813
19302
6873
94
15254
24472
100043497
5595
501097
11797
149628
2064
307947
124908988
228866
14050
299295
51592
8346
7142
7323
10933
3055
5074
107976
361825
2957
84333
408
84354
100862075
56335
231051
299805
287918
170930
499420
11479
309757
361531
208043
9584
23030
29274
313582
192269
149603
104263
67245
619436
497914
362176
10951
72749
3717
1024
52808
25272
295692
12418
20586
434219
29966
8125
22913
108829
68153
72693
361384
13388
343070
66464
388951
296293
55766
166
124908979
84289
84851
360665
18643
287249
144108
67781
619577
51142
214498
63864
308468
501546
55859
1164
80218
6847
291703
207
293668
6418
50518
192197
80173
16859
73086
60491
391257
75339
19359
83796
133746
102774
57741
684828
18193
23411
391003
65121
234736
19651
3162
192231
21343
362631
362093
51869
10128
56784
116549
170463
115482686
208258
170914
309595
23412
67184
18139
14105
316123
297523
227867
77987
9874
228775
361585
15162
17920
6827
3429
690752
208146
299636
268281
23963
23837
266713
5216
170823
10927
50724
25233
9821
54124
234959
680111
12361
29216
316101
10943
498358
101543
67923
66505
254065
292172
409
8351
106504
15469
117262
8358
29998
8841
57748
100041294
68350
226695
55662
2260
74053
100683
76781
83989
286975
5578
18002
266709
5934
170506
10011
291841
12928
75613
321006
67733
23519
10621
299557
287362
100504710
100137047
100910753
11030
10432
293184
294236
26397
365877
315666
110651
9474
362149
304987
8968
9891
13009
78975
9913
65274
124909293
310775
123016
53817
231769
245924
690538
314126
65961
54951
677
69109
104416
117854
306257
6597
171150
64750
72195
8601
57749
74112
1859
56341
11785
67014
19181
80205
306030
313027
13869
57321
8971
24674
306764
56081
690126
287830
13684
65990
9392
24074
361684
25155
545
2067
13716
13194
58521
124905627
288533
26354
300389
6045
10957
224432
63879
114906
20817
303321
679203
243272
360972
76199
500972
22290
29877
9656
233545
100502940
66266
690026
24128
25344
284119
2246
18626
55022
671535
70802
76719
9759
18751
107951
66724
11243
216161
108098
306066
113970
303539
8692
306328
362809
219105
5884
15108
1459
301515
66197
58243
209200
11091
99480
12412
361374
10772
343068
316085
15191
29534
691157
57472
29883
23532
14000
10622
25496
305451
51147
56612
4342
8312
306007
361877
74414
78943
12189
5195
360609
7289
79084
20611
109711
57154
385312
9830
2932
116986
225131
5591
18148
170791
297333
18712
97122
80349
54892
9541
6271
59126
18294
14816
9958
84660
68558
25357
5928
84389
85457
3054
16452
27878
23520
124909332
12317
7258
29431
288242
84312
270110
57913
22057
238330
11036
402569
13870
15182
66341
11811
124905614
1655
54361
22346
255626
287828
55677
240354
25788
107435
124512
120097335
124905618
115771
583
29072
246294
53376
211652
64216
311968
217946
5594
94088
23410
7534
22938
4100
4117
9686
117519
151507
890
12848
103695118
77976
9044
7069
6427
683410
622480
264064
70465
170844
54401
683593
303201
3182
14051
9400
79913
245806
66471
54319
20869
4853
8148
294018
74729
300813
2275
329650
54454
113894
108960
9130
3070
55051
235459
15587
15331
19656
63035
688502
218490
133396
12043
16911
15184
210766
440561
67089
682902
51741
29741
85441
1428
13144
646817
54496
292898
22880
361420
55571
1785
64855
217732
309565
8337
83477
89870
22200
55746
50708
132243
3309
113935
314545
385338
102216272
51602
59323
1398
299638
55705
269881
114629
20202
12042
23170
66313
112400
440563
128966655
24948
361844
7913
361798
24337
303580
51003
101929983
29613
79184
79209
14312
685729
3024
211329
100042931
5187
108161
319955
197370
27005
64031
94091
11074
69544
9969
50927
84324
5204
440560
684233
229700
54108
17955
361990
23408
308345
363067
9252
22196
10084
326620
64395
13831
690283
192645
51755
85509
10025
23994
2972
4193
228019
79256
12234
60373
83602
100363472
25561
66959
13039
54856
8473
84027
123169
19645
2167
5605
10409
306840
690244
5290
24414
66200
74490
203611
360621
303024
116633
285051
51637
209387
308449
13205
360748
54821
108000
20024
65112
246297
315151
66894
688785
84113
18569
164684
13176
26922
93674
498072
22110
84944
56924
291469
10360
15368
10206
84939
151194
9077
309434
1408
9416
14797
29568
10322
51564
79885
15235
9730
12683
103692976
65992
321000
9232
94093
107817
4302
30941
23067
124908981
362414
72162
55806
19056
55031
252941
113898
117514
378425
84105
28991
10001
226169
66255
25019
299606
75467
5469
291171
3965
103583
66580
2521
2961
67154
11461
26155
195814
679357
3312
303504
111241
293494
11164
10214
114520
13626
345630
79664
8945
14885
16150
223870
359787
573
57634
5569
8362
11177
83797
296501
320376
7917
81649
69837
6737
6758
9320
296732
116457
225280
360491
69076
26053
124909084
64207
29591
23198
64383
100362548
216274
55128
291844
54383
5607
54132
124905620
6433
75725
500308
546263
100289087
8089
65248
8340
72041
6049
363849
67664
1029
219249
499653
64709
29619
300257
8345
2874
54561
9124
66126
300837
21885
18479
7205
363212
79366
57683
2879
361217
297930
22051
235559
75565
12395
18163
595
72155
18131
18538
22218
11848
1149
192170
24148
15078
5610
29126
1460
12428
292404
55011
7341
72199
153443
6419
57751
28015
947
211770
364785
20410
240505
29995
287533
360471
1027
2073
14841
291736
98424
15461
362229
52846
53325
690043
6241
26039
7311
502227
23613
13498
75560
109594
8409
80285
67279
361999
6878
51567
9125
21399
296301
11329
71769
165631
287456
8896
23633
326619
330890
983
216154
10771
10036
12578
11213
163589
74763
28951
83666
387586
21887
73845
5584
361849
72895
596
57230
17936
7090
21849
230908
367901
51763
223332
117242
328440
3018
20466
55839
21959
117280
3013
381678
66929
303907
8369
363603
70472
232334
117584
55729
1613
170910
300084
364382
26122
441873
74106
303731
723790
69131
8438
70238
124905624
19821
2956
7936
237465
54891
171086
29384
3012
25926
85265
110958
387132
3315
23636
93679
6790
359726
294258
56771
365298
55212
51585
22893
75788
500715
55749
69202
129401
4000
233489
300320
8318
56463
21804
118
29722
5705
27161
69562
269966
25498
100911917
269254
23210
319154
3059
315058
8028
86
56469
50709
55127
246060
56321
687001
266711
11482
234852
289881
30939
984
14200
72065
1030
54514
300160
90390
4683
5933
128966647
363836
57654
224727
29806
67057
79128
309918
29028
382056
25763
60421
288444
892
171329
361946
363287
29395
84426
408217
319176
21752
728642
5885
1609
862
11142
64324
298144
8314
103551
292935
219103
12180
29748
56323
84083
312947
18600
73122
498402
4261
76044
93765
84469
12419
27250
25237
330409
362704
209357
14265
18708
8721
64646
54250
4692
292064
317546
143689
20901
9013
77632
58839
500666
23435
15163
102639543
315136
150572
304648
75329
66617
73674
66172
54939
340602
29424
1630
287871
316737
300656
817
23476
100913187
96764
214575
309887
300367
667823
17692
80722
116547
83740
53840
55837
99890
64303
5894
66999
74195
9412
120935
71828
708
117063
9682
12971
312248
11100
68073
245688
5534
50701
22904
331532
363026
55982
71990
26271
56361
57746
55904
691379
12785
12843
25135
207965
124908978
310769
681849
233208
8544
29946
688885
22976
25490
307
226432
79124
12231
52609
9318
20587
9271
224440
84580
406162
29575
55989
55197
9978
310704
17954
303281
221143
79215
79609
18519
58936
68911
500030
29969
79677
293860
4928
64061
27064
23426
290270
60345
53893
7320
107392
60525
51377
84695
51720
314993
498453
8031
66336
17688
306574
12952
12454
7508
170724
5981
3303
7091
19184
682469
223723
64144
151636
17937
12648
7048
10856
84352
15183
303903
171120
234023
209361
20193
51132
302711
60533
300206
30877
51497
93871
56998
269397
83983
319156
81611
20878
66993
66935
225888
83444
13549
54324
296351
19357
10157
114741
29677
56532
11200
19090
307151
5599
71059
4005
93697
230674
3281
10389
299180
76681
2203
64824
114028
25862
319165
26108
25734
19820
100039957
11793
17420
156826
55159
10284
9968
105689
109333
20937
29149
74838
313905
66513
80196
10336
493861
68979
54107
269344
218214
3656
50721
8453
73251
10013
363545
316013
224836
290794
103554
7832
246175
66647
76260
1104
66403
18767
26417
116722
54683
71902
14158
368042
16480
9577
57451
319152
71876
100910882
170851
14897
360743
310644
223828
308415
7319
28514
59036
690585
3146
362819
8330
218952
29222
72057
498642
84337
11651
1822
23569
109115
6839
212728
21853
21341
2316
217069
314393
17691
310399
282844
690795
645996
22591
9663
308911
69790
294787
19122
56717
72569
112869
6622
21814
55062
12825
94342
653604
291999
268996
25223
84934
89803
298098
69792
554313
24839
19366
69640
214669
500569
362418
74132
10318
690450
15185
4999
360588
298648
317413
390245
26356
57826
1501
114612
6879
290359
246198
218973
98386
11798
56275
9678
295654
69090
246756
13163
103537
9319
10155
163732
72169
55832
4738
100361138
27148
361833
83637
365755
117553
64202
317399
14534
8342
100911453
6788
110524
2648
56943
288563
54466
124909329
7073
300029
21951
1278
5518
316209
116554
15511
1028
79921
23429
128966599
12265
56011
75746
22339
315133
100911235
311245
100042337
295531
23077
128966656
112399
10628
29382
66317
361669
14004
11122
83712
387103
12914
19042
433700
67525
20467
307927
140908
8468
494338
310612
8969
16798
57521
18763
161475
59035
19017
25898
233020
25388
10514
4194
60331
24686
76055
231386
685697
362194
284252
8631
28019
103573
71974
9994
307641
13990
124909318
292541
314718
314621
100040462
52690
55090
291787
240514
83516
69809
315210
680282
204851
68114
53379
316794
27163
59026
5588
10384
124909197
83833
361103
72096
12705
312647
1660
3611
170911
112950
308496
26145
360552
18676
6598
3622
13805
23248
101927189
269610
89820
2139
12326
7750
94275
18140
9794
6759
2241
434
10572
689972
14164
52830
2962
56632
312800
21681
72183
68968
63856
193740
305913
9646
25449
235134
345643
67382
27221
195018
362594
4851
72480
5931
12572
57761
9338
51008
3428
66671
5621
290284
19118
57050
229675
28989
80751
303330
29381
70681
11472
331623
679693
266740
302495
25710
307726
100039681
25576
729528
15381
27043
9093
290350
116464
100911483
56252
6015
381813
12649
85423
24246
79960
76007
5598
690262
313264
224826
257649
12054
303214
71835
8204
18761
245000
79723
108989
25513
12400
72515
68098
4793
108671
1840
147746
70103
56970
8464
53415
15982
688642
131909
59022
294030
64525
57680
628746
294007
20393
289468
313702
24703
252891
11331
64466
15312
1263
92140
3275
362258
55840
5094
312299
230936
114499
219158
498559
8970
219541
75452
67490
9442
387131
84128
311165
4332
14173
3265
23338
5590
288416
26038
19014
306819
57379
5253
64431
9426
15460
109689
114642
80012
93759
9031
30836
17246
124909317
501138
289752
140597
218333
19360
10979
299347
319158
2314
23309
75137
19763
211651
6794
57649
23291
51812
114637
688843
24068
544971
1020
680522
113523636
171503
225895
314856
109113
2247
362110
8543
15950
142
55869
12539
17931
100170841
363481
5600
63943
68142
110749
23168
20924
683381
287571
18706
51339
582
363519
10463
360815
170261
12675
71954
129685
11991
25493
25979
15270
338467
286053
13206
215031
63935
289372
313128
67040
293710
134728
13207
114087
84576
294693
5295
23808
94244
76238
8878
360481
12443
8976
1105
24962
214572
217827
70122
57727
362533
83737
103689969
315792
64523
26992
25476
10438
20020
226519
24404
300193
23468
22289
268936
363096
6837
19099
71492
21958
67155
233033
309447
497010
80854
10361
288651
114510
728403
10189
361274
8819
4849
170842
635253
253175
224613
77578
1991
84578
9817
10114
51079
29128
10174
84246
57259
26574
57178
24329
59117
64635
297597
8725
290939
679713
6603
56848
5704
15384
69482
1281
12427
10140
291964
300222
22195
653656
216825
54308
2074
3183
10636
288683
20779
84016
58960
242285
24896
4690
363630
56503
69188
140898
100911847
307861
64426
294975
55023
2274
5585
304850
304431
24468
21848
20379
19377
73503
386655
5092
57466
13542
13543
55915
11855
312480
278240
52163
55082
902
9188
289990
16906
54780
5798
83721
65980
84010
84792
94112
22210
58508
70461
317772
3329
9733
15289
301119
68975
108937
898
361431
128966591
382252
607
18854
66226
210982
4298
293104
309361
80707
3643
287375
8915
56036
56200
312974
50883
319168
29700
10915
89819
9643
362078
315840
2177
287834
314300
2146
192350
79039
77889
19255
54650
54904
319166
365661
315291
9070
8335
4004
5771
58230
66725
101631
69386
319160
5687
17248
94165
302612
18602
230673
116698
291987
9736
20957
239528
64685
314061
58919
260321
117045
69807
54633
291737
109108
59001
84864
7536
70208
8329
26287
668932
12217
295568
18129
8518
302855
266812
51496
9810
360254
66118
10498
54624
680122
308472
252870
63868
81738
29915
382236
23834
56086
55719
3020
56254
29681
56070
328
22629
15161
22416
314949
14228
319172
56919
319170
319169
57597
362489
11652
309804
117024
272359
16905
310090
71777
8331
313811
19052
306998
676
10475
235441
223770
71101
71735
60374
136319
5929
24185
58202
312603
365895
307905
89825
296612
12388
3094
292889
10987
84401
294408
623121
67095
753
12879
308913
8048
70511
54665
23038
6829
56642
12235
70827
7874
18432
56353
20610
214230
313977
2288
21835
319161
67111
70645
9439
27332
5728
55942
232791
12832
79816
170956
4331
289810
2140
327987
689909
66262
27336
100911519
90
114548
254048
308537
12144
23938
290831
9557
645425
109275
91607
23379
56768
14166
287710
55140
306665
113948
9100
299313
2876
140858
3654
26292
7321
72567
228714
291245
11178
13872
14489
12593
362838
234686
192352
100041230
17973
58940
60371
319157
230753
811
97165
13132
361769
56160
79753
3005
109151
51366
681178
54778
6996
76022
287422
1499
90523
298687
68043
64550
171379
683626
684527
308473
8178
11319
362817
101612
246047
8433
8361
314384
216853
6322
56083
79710
221477
18817
55617
295052
1977
25459
299607
315713
7984
101540
14182
20747
7322
64784
65137
9110
306527
83945
11746
56154
309638
312398
8498
4792
10038
103689931
21340
500928
304567
20111
11168
221336
67673
29618
76900
15201
4591
57783
108348098
25824
3148
84916
494115
6760
353170
9380
5119
50791
72308
55294
311944
19285
68729
1826
293500
294276
83984
1856
54906
13544
72612
7422
8914
81634
280658
51701
666704
73178
51442
5170
211323
14479
75826
1719
55693
304862
494448
94239
11171
8338
688433
67037
8341
64800
214764
10902
1601
29389
311796
1399
54387
84661
55167
84717
51412
114562
54934
5292
64707
320165
362132
12455
54014
16825
22954
231464
23133
10923
244059
25591
55183
297576
312641
149951
689523
299116
641
19231
71952
169981
116646
55578
441871
3603
51810
360917
225283
12387
17344
304988
73390
64783
10657
313867
300117
246768
83785
22984
78783
23234
80859
25317
689
362791
55683
81771
29893
15502
316129
67088
320209
22385
94195
315159
23286
227195
362607
363498
8019
10656
286826
114049
500695
10419
11546
7329
305811
309069
7251
103806
291259
606496
313115
9604
25023
64896
79116
8356
15257
74522
72440
12167
306455
4659
15259
10521
4665
29565
60563
77853
23347
70020
9960
109181
1387
4916
57591
287765
10766
297893
23512
102723796
287464
100042944
12544
68231
71648
18769
16543
433759
365894
54828
363633
84481
54343
85004
19650
100911837
90378
24708
240087
9802
19663
57763
304859
66104
6874
12568
10443
14683
363221
29512
309429
84265
59004
498995
12500
73739
294680
23373
815
54583
315988
15387
24451
680127
14375
57673
150684
7430
408022
26206
21761
29086
8621
84295
171023
64591
124905626
362361
23996
20963
230709
499882
9406
67019
303181
193796
50511
5828
305120
270118
83990
26240
236312
25904
79223
10370
64710
23349
100504608
226409
4796
56438
105246
8573
226976
79831
78656
8350
70350
84901
8352
64391
287280
109552
236511
12227
680702
107829
192657
74737
24116
317464
84574
72103
128854
689161
7290
363091
27097
389136
29115
11137
391004
112398
51111
290912
5663
4848
503000
65028
5716
7404
84164
361532
305549
4676
11011
23064
18795
315179
9425
170067
319236
200558
221037
8363
8805
9349
5532
1911
57538
362249
287380
233904
17938
216848
66970
57326
78962
80063
64513
292206
216869
688583
317213
18983
11477
320795
67628
122526778
228536
67655
234069
60376
67381
69612
57314
23543
266712
11350
19356
125997
5763
68298
341405
109095
51588
10456
26875
2068
12576
12577
23137
11146
56718
307029
92002
20877
5897
6047
23741
57436
24559
8227
8195
229615
74691
320271
9403
7015
6717
5925
23885
340543
55124
55063
6613
85329
114494
315139
2081
8370
2072
56309
139886
24014
12069
11035
73139
300673
67768
313591
4435
74355
116670
7469
56196
66138
72512
93836
51586
223642
474343
19192
100360100
340061
124909306
124909015
8458
14113
497961
282843
192119
25573
303547
81650
12759
8349
243842
288272
3092
695
228880
103694865
67933
361711
25276
319695
307527
21427
140583
83828
1025
103468
271305
124905616
407786
26413
363493
124909294
17975
497941
76131
54237
7295
10474
7316
299043
69716
55787
12929
72068
653657
297994
644353
67334
15258
228012
20220
362950
83571
54457
68251
83805
8287
55818
55213
10626
8332
363064
140593
7011
360161
79221
116685
381686
5702
499561
361688
361107
10973
319155
117143
56702
92552
6882
57122
26443
230233
313048
93696
1487
18673
1063
70999
8359
83766
29603
14357
223701
257632
57320
84787
67087
81717
6197
302680
3481
76251
814
19164
641340
192191
675
68196
306817
297954
404672
30946
293488
905
54623
362738
311713
74996
10178
2966
225182
292747
6733
26395
237911
114609
84181
1147
26420
79647
7706
23558
361416
253714
10623
11770
360819
287734
106389
15193
304157
1107
81000
20174
6883
304714
143241
102991
303614
55122
308457
108348173
117056
10930
22803
24069
30954
122402
289831
50754
9329
81489
17984
18762
81758
6801
230085
7514
6756
298575
55791
126272
67238
66511
282845
109331
14958
114512
140290
23421
1915
57658
85421
224619
19055
54388
304569
301516
9063
290556
4691
23140
57441
17826
311553
310784
7049
302553
5619
55095
300891
8726
21969
26043
56940
2071
647044
266670
3084
302557
502389
625249
77605
71330
498145
300266
6907
6233
10273
9326
4294
287643
54456
54971
221656
84629
433375
3010
154968
55902
288710
115426
74197
10783
97064
67959
216877
2138
11198
152098
79577
313216
77683
7046
57295
74427
55274
284358
331
5111
20382
22367
64193
6602
313436
7337
5608
117268
18226
645414
54556
305064
688749
124359
23635
4001
1457
56397
3007
66214
100129053
25522
3066
51397
7335
3009
29101
500084
6919
29515
