361652
14531
139735
2625
16599
15227
79943
498999
6663
301020
74561
213389
24370
285267
296345
23967
100130086
227606
80902
17863
170960
2551
339344
21422
74434
6778
299061
647219
11143
22344
1051
307766
363672
10780
288152
21388
307924
90874
242620
24457
25243
9534
57573
304479
168544
289026
15361
22887
102551340
365155
100158223
10215
642658
374900
366998
307362
296272
13557
302812
104797536
18095
297066
15353
5463
2627
230162
3607
50943
22771
362280
440515
84525
571
64211
114504
7027
20472
2116
15377
308992
3516
231044
170740
22850
80108
1482
54937
307213
13593
71904
57547
500235
242509
57786
29535
170734
21807
80312
12951
3131
20728
283571
246073
309457
294328
301284
252880
11281
70823
3720
2852
387332
21414
54807
288353
63872
24136
76854
84891
216874
307498
20807
18102
2636
14240
100912525
681740
15206
69228
285349
18503
212712
7343
3297
100271849
116092
6304
7490
252885
5452
652991
294287
266680
315308
1869
57592
59057
22847
8110
252829
302327
23462
6097
363035
442425
246271
245671
22642
23361
64826
7543
64321
10520
286990
109929
381022
73191
27319
348327
683522
11910
378708
7712
311508
293674
19726
15207
361162
309031
53610
243905
25546
241764
4904
497987
84948
63976
91752
23522
84527
18426
498575
315309
223843
116870
7707
6928
444984
19290
25554
3110
23849
20465
4306
4303
18094
100912262
13876
84108
24890
312678
24581
50945
339500
9586
228829
311661
79842
101604
101544
3224
309389
7507
90655
21676
305066
80298
14461
125919
145258
1879
7637
100416706
366078
7627
17928
192651
7705
365564
6492
79362
382239
313504
364910
20471
11063
116545
9572
18292
13394
16917
3087
13710
100363065
311910
2019
25646
689883
3104
66233
71148
5178
284390
1877
22646
300095
22944
69890
148268
293976
14233
4774
283248
288105
17869
103690114
305972
361700
253738
15395
7579
306655
21405
90233
100101467
11057
237758
13653
25833
2122
117274
2649
363632
64406
5992
57659
374879
296653
220929
309003
362741
15242
5017
18014
26919
57645
632708
15394
84046
70779
79225
100910508
14464
6862
75753
284391
115509
5089
7711
51621
14460
308339
22755
5090
440519
381990
102556119
319535
50545
282825
4520
6257
54811
124903710
100182
501099
301285
231991
22589
14462
116668
85508
90987
4209
103889
22773
124451
21426
90316
63946
313596
18012
112415
65982
50794
362667
21375
7546
26048
5252
2307
292934
434484
127396
57708
79692
252924
100419780
25157
5914
364081
51230
15405
15251
3221
26371
287076
7291
297783
84307
8193
9189
268564
79364
84547
18616
100505555
2000
5359
226049
54626
152518
309430
53404
7745
91120
89884
13813
6618
5013
100533646
292569
56987
309288
18509
5994
5079
299206
4791
25585
313512
2100
17293
56979
499380
4212
15248
362268
7709
107771
4929
103691557
14235
27287
298449
16875
242523
22869
303480
126299
117058
54284
364706
25271
22806
56484
84449
85446
360635
302946
340385
100360291
214812
57247
138715
19291
20667
67230
140612
287441
26296
303491
74318
4801
17701
6421
330463
100911196
498545
27217
100090
368178
13555
432731
6239
221833
102548695
75871
313352
300262
71592
231506
24460
390598
285346
83383
29228
10150
71514
105373378
53422
29994
57623
80818
13983
7541
388561
353274
100289678
9464
311832
26036
100912068
29375
27023
19725
303991
29148
233490
15900
100125288
126231
252830
5076
18507
51276
314711
15373
15430
54531
64619
25671
17259
353310
55552
292548
12590
4084
217031
20429
440695
503487
682329
58921
7552
63934
13435
689174
21417
30944
5459
232854
79977
29588
63951
4799
147807
75079
26993
4762
285989
9880
10009
7004
22890
17192
8431
222546
16598
114501
100287226
100504180
314436
305494
90326
93349
313666
12609
114503
230025
8848
304342
345222
304514
57157
15424
244556
24522
18027
201516
284459
22661
7574
237558
4783
299979
304103
100132074
80317
5465
83557
7634
18511
55290
25154
18143
366960
18771
220202
26205
7421
307667
29357
100360638
193043
8284
10725
153222
6493
79800
104156
170729
51351
163050
22255
162963
100360427
20893
79237
23269
339327
291406
104360
500200
81931
84905
728927
311414
684192
380912
4150
170820
69928
366214
295965
308362
50796
207618
55628
126375
402381
57109
362522
497986
20682
252856
296583
14463
11622
78251
644168
4761
10196
21380
21413
685879
66653
15213
21750
17536
292060
7584
9705
148213
12913
101994
4821
227644
313678
74120
2672
84256
642819
114712
29279
3222
84969
74481
2078
232879
360482
500057
1960
108348182
346171
54611
84922
27022
26581
29300
126068
71597
731220
92822
16656
116665
100911668
2002
387609
6474
81285
50907
4208
390980
7730
90576
25701
643836
18109
2494
6670
79673
58208
115768
4808
100360982
5458
18227
683504
55279
25888
293538
233410
5015
208647
299499
6721
81566
647589
315883
22701
311615
305584
20658
12029
100043597
7703
140588
192109
7080
58805
11166
6591
499497
313913
81601
215627
205717
161452
240442
9975
59016
10472
64145
13047
17187
29842
4009
683603
19712
7110
15375
313994
229584
303946
91664
329559
103691034
7764
16872
6736
668166
292721
140477
305083
212139
20689
8187
17188
293586
58198
362165
13661
252917
102553842
502764
9278
224902
242705
404635
22698
81703
26427
21678
100302737
25172
81812
366598
27049
50916
10308
1523
147923
360961
5080
252886
7752
100909604
54678
244713
10153
116448
56198
7342
24252
20591
243834
103691556
231866
148254
15379
79413
168417
5460
497894
203523
93624
228731
109910
20847
6939
140685
71950
268294
225497
25492
680201
17258
7652
20664
686412
20289
362085
231602
163131
56856
54925
11865
207785
30832
287647
10716
728410
18071
8202
26137
7761
367846
210719
65988
60394
108655
300954
115560
56531
7013
70673
365226
15425
50554
57616
299687
140690
114142
333654
56707
315798
308366
73430
79233
544922
380669
295475
360960
246770
114991
19434
226439
7644
25445
9726
51523
21869
57479
25126
64188
6929
25242
287662
15412
90333
100039596
117540
2313
7718
21385
15901
342892
197320
20474
5467
162979
3663
1389
233890
315305
15399
24883
140628
401898
84524
7770
15404
299510
230824
72667
147658
9096
266813
58820
19015
223922
269023
7008
688600
10620
363269
240427
84330
9905
223669
366542
344022
4794
55205
2103
3344
500950
628709
10589
214899
153572
232077
362834
147660
17190
243308
215693
74164
192285
362391
17121
7561
100288687
497923
75410
2101
22666
7528
3196
680537
308999
155061
170574
151126
225998
7468
5966
18185
91283
100366024
24253
56458
380993
366964
54989
17537
685834
13395
361668
317382
117560
234776
17292
344065
268417
306330
11908
103692131
15223
441056
10210
20475
148103
81516
2908
289201
15208
287469
311876
56314
100360380
6664
21423
9242
284370
66556
55809
653404
239099
80032
162962
431706
311872
304962
314205
688019
303212
128611
116848
18046
239122
71131
444985
383491
2077
15218
25640
303016
313557
22835
3195
303828
100128927
300260
8463
4779
3397
72611
54729
17681
23036
303970
22221
67393
364883
14238
300197
315338
6908
222894
2737
11923
646698
304601
292082
79776
56978
171454
73680
298977
301446
1628
15221
498982
22751
360631
23394
163081
57474
220992
15432
199777
69821
233905
9849
363735
26380
22404
7544
688328
116456
81817
309002
10906
1810
10168
7629
55734
60447
316580
170671
54267
53615
8538
103692164
342908
362871
83993
301570
83632
25100
360610
20613
100363372
194388
498633
361881
288153
9971
24918
7029
22980
22259
4286
13982
6497
272382
84107
2516
349075
107823
503582
10655
293165
500037
58500
51341
64754
10062
21387
311901
55893
105372267
289595
5139
10691
22762
500981
306542
25149
100365184
302369
105378952
84911
29361
80892
12023
71722
209707
16363
499124
78974
195333
310616
7571
294734
57343
284306
83741
18092
54264
23493
84148
104382
13496
81808
307376
99334
25401
211586
16600
210135
17341
26468
108348153
128408
126295
59058
26013
29467
315039
118471
498864
218030
24817
147929
467
277353
3725
100361765
3225
15426
55657
311604
66410
58499
311826
218820
18030
63876
284443
55139
10362
113983
9247
7638
680989
378435
21415
57376
727940
66277
228491
4841
68910
79698
114206
381410
83824
7626
685082
29386
285550
100910046
266774
5083
29560
7068
7592
345462
15400
168850
23090
241066
367033
22691
200424
311718
20852
6935
10194
311311
130497
244219
728361
83482
59112
100361923
366213
49854
18028
14236
365462
287361
100131390
116648
64344
107587
2186
56461
12592
387640
309550
311575
664701
93691
91748
360764
66645
26423
362831
3200
23567
68750
6665
3661
51274
16876
7697
13655
293992
619289
4862
10765
1870
194655
78619
51078
29808
84528
303836
107586
233058
546118
269639
330502
64651
19727
51333
303470
545474
137209
390010
66596
17286
298696
18510
3167
22260
21411
18506
57246
295248
320394
78912
10002
296499
7769
10363
57232
17933
19130
644524
293624
3398
310658
295297
84504
365900
309957
9575
2353
17133
54753
55663
366082
365590
63977
5916
15408
376940
12393
106143
114485
12053
361131
10732
27153
117140
361746
84653
66855
679155
12013
57504
85489
500110
171046
11614
55810
171356
7617
303518
15904
11925
116639
22688
2301
10522
430
287944
4790
114845
114785
148266
100131827
199692
23261
79401
30012
65243
18996
114500
579
27164
344018
6943
9831
54738
81524
8411
14237
100912096
340784
27300
297758
304815
14843
20848
168620
4087
3142
17877
315532
7673
500453
649137
15398
14390
10793
114498
50913
306400
3203
64186
314638
13713
55786
390874
54367
241494
11107
79986
20668
302993
54542
17135
288457
497988
209225
52708
195733
90321
79088
137814
25909
17301
81647
23300
499083
4204
365511
29394
79240
20371
286128
84667
18742
3660
291423
100362054
22722
56525
7181
7564
689054
362425
299897
21834
29203
20672
59336
360030
3202
3159
293012
299199
147694
25113
26927
21418
8085
17130
685474
79788
10270
53336
14465
22791
80292
364069
100132396
311723
309478
126017
362530
24330
21386
308766
298878
360023
434123
244349
14234
311658
313253
7695
15378
2294
79725
6666
381549
228913
6656
366951
290571
301038
297879
15214
102547932
26424
171160
73181
84614
362581
234725
302705
84924
11835
84385
83881
307296
103689925
226641
269870
3399
58492
390992
16392
170639
17129
362668
64288
94039
309452
52397
58495
18999
315804
3235
9841
19885
22882
94234
3236
293038
228598
5078
158431
284695
307919
286380
237336
666528
84215
305589
364475
3207
20230
167826
243937
208595
20583
306254
51001
18991
730051
75507
79727
147948
4010
1386
306571
84858
7554
84505
293112
158586
232286
6096
10320
14912
684085
307715
445541
64453
114565
1649
11176
21419
303488
57745
604
309871
21412
17095
15111
7067
367944
302400
22781
110784
7643
18420
362675
72739
158399
364418
5241
4149
110796
113990
22689
9603
171299
5081
112268164
129025
12611
100978
51270
307236
27274
17132
100289635
390927
311613
63925
57335
296384
64067
13560
80712
10616
156726
25159
502946
284349
54352
363243
337868
71268
406
15205
100361818
2298
679028
304054
266716
224585
100909657
22926
328801
55509
25925
81736
299766
5970
686117
100503355
163051
155430
679701
3096
14283
80034
84017
18023
14011
3091
653543
7799
305897
10538
270004
499361
10597
10795
84874
270627
7023
17764
67235
23872
4855
15220
3642
404281
116412
9753
100362915
25509
3219
83463
25231
147686
319475
13170
360858
11924
18617
287638
315337
83439
374928
58850
5396
685102
313906
22704
1053
58851
499874
7101
3975
367106
5991
680915
728656
84460
9310
299647
57585
668
309165
500562
680620
313558
15110
15422
406164
309888
27140
56977
106021
266734
217864
54816
2128
239546
116674
54713
19401
225207
288821
93837
207165
9423
158800
680427
283150
212281
2295
17702
362841
1046
67911
83855
342909
26257
25162
66075
230793
207806
304071
25261
22685
9324
113931
18993
201181
7678
54581
68992
25664
24516
232337
282546
94188
16658
301076
10865
4610
5455
20671
6945
3170
14536
15429
102554884
256380
77264
17261
13796
21674
23051
89887
314131
8320
320799
320158
18013
23119
545913
5324
84627
474
294515
68837
619665
4603
21679
170302
17872
84458
362217
7024
54796
69234
102553002
63978
5457
3665
6913
327992
100379661
24333
84671
333929
58524
313978
272347
12591
77286
499563
1059
81646
79750
2308
21428
22337
298189
78834
664805
3298
361403
360905
654801
90338
15433
67255
79241
21749
18124
6601
81710
12020
29458
619279
5813
361544
110648
72180
19883
7766
229542
163087
84350
501145
429
313484
11694
500818
2302
8091
210105
24149
199704
320522
103692126
79365
59335
90075
347344
15431
100381270
19013
2959
12616
200350
7738
1748
29567
385674
6722
169834
12607
57541
2119
243372
171355
2310
4781
269585
502316
51193
361514
22433
60313
306657
16969
266792
101927685
7704
114109
311547
682964
257
499146
353088
68036
499964
232966
79744
295231
63947
287462
29087
57693
17172
84678
90589
290221
6720
107751
463
74022
69876
7581
6689
13711
403341
117526
314616
146540
109263
15209
84619
73754
23598
20687
109504726
195522
22608
382074
319817
100041581
23857
301035
308406
319530
22873
497897
18029
78284
499309
15415
240869
20602
114803
315088
79733
13393
25431
105980076
9480
388523
67991
22697
8456
135935
4661
146050
315101
1786
152815
21780
311353
100859930
4850
499929
23152
78266
10848
388585
449521
57209
307615
5612
305198
225518
689864
20473
11108
690820
13712
54131
653544
252855
162966
346157
16869
730087
26508
6871
301121
342357
55927
74533
304063
363656
110116772
2118
168374
93134
315333
289754
292584
13656
6256
14842
13134
15500
23660
291047
15364
313219
500893
224903
268297
91464
287615
23528
84656
64764
71468
124411
10302
6926
81813
298894
271377
246086
226470
7022
7639
100288711
13654
745
20849
130916
7702
100362346
235047
60436
313166
27086
51545
229004
58922
503627
56938
18103
9208
13865
13436
77771
361627
116651
684111
7775
18032
116033993
55659
388559
70227
5451
25517
193452
400713
23109
51222
238690
25690
20482
27000
238317
1045
50552
389114
83925
221937
244216
362464
294388
18992
308434
300807
230587
2005
22680
298555
114821
13433
15401
18019
22693
140586
13591
16372
57801
29589
68744
8932
92595
13418
22724
57432
23211
17268
307579
80732
233902
5326
80714
217166
3218
64376
272322
16815
14029
361924
17859
353227
363991
29410
55769
100506403
100911859
11023
7699
85261
6772
2099
7567
9760
5629
12173
304204
9611
54299
147687
474156
9422
117095
500964
103690342
68703
72147
288154
30928
363289
24105
1874
7975
121274
365744
311071
51176
278304
680576
23983
2023
7569
7620
114889
162655
50674
30813
71041
311505
309630
20183
29508
73614
3227
20182
291940
3209
16764
5462
16362
20669
21384
12355
21815
9095
84503
7549
100158232
21685
225876
246264
2305
17355
67026
17122
55897
219736
56296
54608
11016
79862
285268
305888
27245
30046
83782
296500
255403
57492
17119
2354
21425
55145
238673
320683
114674
365371
25682
4094
388112
4776
7691
17173
18025
6668
50524
378812
70508
2303
92285
2969
50678
6777
11569
17285
66983
308337
22778
283489
6910
653545
100073351
218100
57215
13875
14025
79973
362501
730291
246792
20846
55870
499171
71069
16871
60383
192195
145873
4861
56449
9355
2018
21350
361801
73422
384452
2016
22648
22775
319758
3670
269997
21847
138151
12399
147808
55422
20588
243963
118472
299648
681200
315497
10773
353256
57167
147912
15902
18024
228876
17260
18424
298247
6872
338354
499952
9209
2113
20231
140489
55922
374655
69726
2297
25301
102209
9869
140883
57862
57908
339324
83574
58842
25483
295315
29657
24842
26386
77128
13864
9988
65251
366126
100507290
4611
64641
114519
225631
18291
56722
126208
246149
498390
13345
117608
18935
147837
344787
102554302
316052
207667
7694
293056
25672
229007
320633
554045
8289
313566
18986
691504
170825
100131539
399823
152485
196528
51742
309095
13819
55269
1747
687
11859
69257
389058
436240
4091
225908
2309
366980
685360
14013
287185
58160
208104
54123
20181
497984
83595
69743
13018
312203
246299
13798
10113
10365
100909824
293701
497896
13709
81819
315606
55994
26040
6925
291023
25587
9923
654254
22797
11179
260325
24356
20665
216021
25988
500156
100360880
680678
308108
4772
136051
11568
366954
81630
8690
348825
63950
305244
235320
7762
7692
304127
155054
367832
243906
7551
60446
57507
297804
299210
303511
54006
65161
9878
55609
158506
2971
15437
365192
9516
306096
6495
101095
381373
9935
8928
289052
12142
25389
360204
500239
312897
1388
14284
65035
8013
1050
310859
102553962
499313
16371
126070
306659
498918
668501
382066
315689
319478
689704
14886
18091
342926
127343
362339
317376
5971
502846
102551846
22061
83474
8427
15284
363185
363291
23060
21416
57491
342900
50662
1390
338917
384763
18088
328918
170753
118738
3172
287521
59327
84622
15499
315341
304947
66019
4057
18736
4778
162239
381359
77862
12416
17765
84699
71834
101023
7596
58887
10379
306977
3726
22750
29330
3213
26298
9889
163255
84600
24309
99377
51710
3212
71591
241322
312331
319207
15372
291908
362825
291670
269800
245596
315601
343930
22130
12022
16873
1997
381867
20787
306873
3166
30927
268741
57711
85315
80152
3198
72843
79618
63974
232976
83807
209446
367218
27386
1761
195828
29813
19411
78972
21429
161882
84775
11279
2004
79431
26465
72672
680172
315936
21652
79759
67239
7559
313049
4089
103690132
7772
100129543
192218
223227
309164
225872
6658
11262
286075
2637
340069
26582
29947
103690130
57593
18037
55646
83591
5087
319748
1871
65193
100129842
22640
316096
3280
365176
307721
116071
140587
19697
100359821
7710
54169
16373
13714
2304
3090
22891
294640
2001
5896
10838
16842
55713
20464
238247
13392
64571
282840
13048
15413
221785
101060200
7621
7978
316524
55892
133923
7727
116543
121536
231151
441234
121340
163033
296953
292301
306695
503835
7161
64864
690528
685072
5456
100505852
72114
100910207
64572
238803
498952
25628
7025
83724
689210
79797
246760
440077
299569
18096
107889
8545
84437
79149
689988
291440
25695
75029
311715
64628
30827
401509
300054
9314
4488
149076
502886
57158
100912163
2296
367152
103836
54345
252973
56956
85471
29577
17257
1750
294562
110521
297065
619575
103692127
6672
84436
121599
300665
284406
79891
360389
110593
132625
728957
100362634
296281
680717
53982
54790
14241
68479
653121
50659
25747
15273
7849
6932
64215
278672
127665
5468
16596
29609
86614
72723
18514
152687
83635
288778
296201
80338
51804
232934
363165
240476
163059
3214
307839
665902
210172
20788
10524
191575
21907
5075
303753
689788
4824
642623
6399
100293516
7392
244579
52231
116039
58487
17128
298084
7728
291228
79177
7539
140589
298447
25631
2624
114502
14581
235028
233056
59328
6774
681359
25336
240186
7565
688845
3201
8820
140482
3204
1999
20186
72556
104394
7227
84878
201501
15370
499362
310250
7693
314306
79898
85460
302962
292816
19213
11244
18988
13486
269401
125893
304298
3215
104383
312303
305896
4784
14009
14247
57782
22717
311093
313575
362125
52679
25574
22715
81518
22696
27324
326
237339
6498
102550344
203245
194588
64375
317259
294299
219409
8930
293046
54862
10481
56917
245109
3174
100009600
29861
319965
367314
689695
16477
21908
3226
546
4613
18044
363831
54427
60468
101928917
270669
201798
230700
10265
245572
308126
84838
84733
58954
79027
201514
100910807
51450
17193
6018
3299
54194
55888
499090
5308
1875
121549
19668
312936
54422
22702
368120
144455
100130863
682968
9970
18515
3899
79724
26940
25799
4335
353187
311721
289048
499900
80264
230761
864
109663
306353
84450
298732
9915
14815
291439
81785
313519
4807
147741
257101
861
310659
21389
367034
147657
74229
85434
362686
22992
16918
314374
20375
114026
349334
13592
729288
688822
67773
234219
7743
200014
134187
10794
2063
292820
80720
3171
8609
17978
288908
90827
688699
15402
51427
100360757
310614
26147
3659
77630
18045
304663
256297
232878
19664
8648
23877
546024
360477
298400
22877
29871
502857
6749
163223
9519
71371
3239
20481
227656
284355
20666
320080
84913
30818
245263
362591
6934
55565
5453
79230
24518
313478
124961
691556
6667
361096
83618
691610
291164
115950
1958
6776
7756
232784
296706
290669
25125
15436
53314
315211
2626
21408
366029
64412
55079
310194
4990
64520
71063
4097
58158
65056
7942
116115
22690
403174
91133
21420
8531
84159
54278
689918
92806
687127
500048
18612
360801
55553
18033
14281
25720
57822
16364
310233
18423
54620
73274
362399
25148
14472
26910
17002
316214
362665
8629
4605
64506
85474
17342
6887
339318
136259
100360041
217127
500574
364152
100365683
26381
102553763
108351806
15228
303496
72465
196446
6909
116490
79192
11624
316742
9219
79255
146542
52712
25410
235132
20476
284312
219578
296510
314423
53335
6599
22632
20675
232906
293044
361335
74287
114634
20670
691501
171360
8626
292884
51058
296478
360754
317715
313713
100039123
29721
14632
93986
116544
305854
339559
645832
90485
20674
364855
500023
680050
310375
2114
10660
25850
23942
60351
6299
498394
67210
171302
305910
16870
197407
4901
13984
50914
1959
3238
29803
7545
15903
83395
23619
291409
110794
382639
287940
2117
24873
400720
4152
169841
4780
170936
310958
4618
17932
67143
68094
682914
20678
306862
1745
20681
74322
116113
315748
3211
680751
21407
362453
102552640
57169
292892
316219
5300
6297
24388
239102
5450
56380
83744
5309
7572
7580
65050
7618
16814
301676
15417
71093
212391
367264
79923
29362
688
4092
317627
54201
7582
52463
7019
216285
4090
56711
305848
7767
22767
367
85497
79755
6615
6942
57621
361095
54446
7026
246334
9839
6899
163227
192274
545725
498385
257468
103692168
8856
25221
308582
3400
240690
22059
4088
114213
100910896
303469
431707
500553
69009
221527
72486
24209
214779
18813
24517
83619
58852
193736
319601
69020
22718
214855
4602
56751
414065
224656
67341
314245
4782
80110
80345
303310
4825
242466
8403
308998
294289
307806
363595
114090
58180
252884
688634
53626
114208
214162
13799
54601
285676
168451
362925
303499
55929
300947
304666
66056
329934
108946
15371
10488
18987
5036
29841
91392
298981
9667
5449
68490
360581
100360412
30841
3662
680549
54993
14239
7391
22678
80764
84765
302582
14028
12912
235682
23186
8242
57765
665780
4609
22282
305127
83852
14282
226747
22590
11922
14582
293568
17127
102423
66867
3231
7568
246196
312777
110354863
270210
64622
80319
690911
241514
65986
499651
221895
306547
6496
306110
353355
76365
653548
3233
360551
288736
330959
315870
689030
291849
309613
22634
18933
11864
320713
25620
7562
19698
18997
68770
361060
642280
79245
100328908
84684
117581
311807
15285
3199
19009
124535
466
79818
293736
26009
72368
340252
9668
103690827
100359484
147949
113835
150921
9421
729747
55311
5093
169270
4800
314818
305428
70127
29068
130557
361944
232816
7014
1602
84662
84482
7020
361630
220359
3228
103690123
56906
81879
93762
312451
389549
4297
57459
18516
306816
57615
18685
305999
24577
214742
360737
30923
117107
7587
162968
602
6657
18609
639
162967
303398
67109
239985
56184
6621
23125
332937
3394
382118
51513
28999
30051
245007
17125
8092
56805
22278
64379
148203
12915
65998
100365363
9569
288906
17703
233887
74123
13797
17134
25446
208968
159296
16468
293849
7597
78751
1054
231986
283337
1749
22764
7071
687553
148206
218613
388566
4831
6671
23126
19127
1820
109575
2115
7586
7746
330230
85424
166793
4656
22774
27056
100131017
289717
7789
18508
405
155437
21410
227631
90317
104348
340260
25098
60661
71702
303399
19016
5989
389421
362166
12677
213011
16391
362481
11878
7570
666311
25705
164091
221504
8467
24706
4773
27081
308387
116557
79191
25337
57567
71137
7494
7716
23440
304741
232430
9580
80778
8328
22772
381319
167465
302333
298506
103690203
85416
9925
84584
307024
366949
314246
342945
115196
305171
361724
500137
117232
20684
499593
170849
30009
18034
1112
51317
5915
102548693
7376
6773
7701
499095
22758
2120
15410
252915
51043
684901
114564
118445
23013
304275
69504
367092
5307
56381
16476
365748
1789
388569
56700
5978
93474
10847
302583
100312983
57473
51087
12051
17876
15396
388567
122539214
297480
3205
22712
81673
308430
22770
6095
316312
12014
22754
4617
21406
50496
51385
468
2355
330474
2300
294924
243833
58206
25714
374899
22761
8462
4222
16874
3175
390259
4213
11909
54815
165
283078
101928160
12615
93166
360896
242109
64637
93761
288151
11911
116810
306226
22658
13806
146434
17300
13559
17865
10736
15421
4601
64618
299138
4802
17089
208076
21677
106894
364140
254251
228807
22038
57684
11634
1876
54276
497985
69752
18504
56731
84124
245980
388507
305501
252962
7768
302811
16478
229055
303173
22807
8061
368158
287094
619331
20833
499951
14836
305858
29942
290317
320995
309902
14634
72720
22025
59348
122953
210162
309859
10224
10781
7771
304495
15416
329003
4775
214133
149483
362896
332221
15403
296966
294395
22026
105371346
246378
290749
306459
60462
342933
307820
64345
6775
11317
7589
266743
126069
308845
7633
22694
298850
641339
307740
64441
255877
51157
74570
17425
317268
16601
18142
147947
94187
343472
92283
390963
330301
503834
196
116871
6294
363170
21909
162993
3237
7988
100529215
8521
56676
219749
23957
320858
22823
232969
171392
18181
314221
246282
382867
7566
162972
365299
307829
4207
83630
6660
687536
320022
26152
15376
497944
23040
728116
20185
499510
303164
680712
72981
2735
19724
256051
26584
171017
14008
80709
303165
10782
7625
284323
56033
20677
57354
91151
6605
9112
18667
287423
308523
26959
65020
244813
500129
3223
22654
60329
298558
297705
313554
27080
363412
362733
860
619310
17878
245595
163049
98999
20850
283847
63948
7030
4487
344167
304918
22955
304056
2290
77519
12753
284307
25735
387032
66758
399489
301476
1788
74016
20841
144348
473
339488
171068
56980
10042
238693
287095
11538
301034
353305
58525
57677
303250
222696
199745
686781
317575
64290
257634
56888
17428
84844
303730
361783
80139
57798
7021
53621
313993
13390
308361
100033411
10499
269389
30942
16597
117062
20688
128553
114604
2104
303763
11819
55762
299514
92999
295327
24459
304786
53417
316626
58486
120237
7594
502759
7182
71375
207259
71241
440097
12916
239652
5926
366142
362635
284371
311764
7675
22062
500549
90850
407823
226075
406169
57080
680611
988
388536
66816
23314
26379
305471
6594
727857
67778
240590
100131187
1044
259241
362088
234366
9612
80095
53970
23316
4211
228839
682076
114505
12606
54927
117034
314319
500005
3164
25129
10127
64196
64763
285971
54254
289707
100363361
500558
132660
252838
18171
10745
20997
83586
103690038
56218
729944
66830
1961
296511
6886
25334
72020
148327
7700
113984
73729
690895
228911
51085
308435
50805
148198
110805
303226
442319
13396
139324
216049
2299
5077
498945
170909
110962
313929
314988
646
2020
366229
166815
1058
22779
17927
208266
170959
4760
17864
9496
26149
190
30812
361208
7157
667118
309178
6651
3169
306974
245525
316087
679869
159119
7547
690286
90649
308420
107503
169792
2736
688999
63973
93681
292610
163071
18985
23871
65199
309680
15427
541457
73389
20851
100912936
5993
241311
361400
57336
22160
200765
8625
313507
18740
408068
9658
100359464
550619
217082
391723
297867
54139
10172
65100
11906
7003
13198
69852
81789
284309
10608
312309
314310
77110
3229
3206
27033
10424
6473
23958
320145
57233
24208
70427
226896
79190
498607
26974
314322
11695
4899
170955
7050
7776
171104
55900
12877
109032
83726
3664
21349
21374
3232
622675
310638
84839
84654
18089
501127
29227
7576
20592
6662
94246
3727
4205
305687
25803
24413
18505
545938
84382
102556967
59269
72306
685229
672284
58853
14106
291105
25946
253639
18022
20204
22720
315882
366856
8022
253461
305968
6927
192110
71163
266738
296344
171159
17191
11863
1998
100506164
22780
25099
27107
2738
108961
100365779
66923
58491
675812
26466
17870
55502
91975
64444
98403
56501
56809
79894
388558
25806
246284
260298
3097
7773
1052
84456
685179
75291
2623
56787
91661
313418
367100
7593
5454
298074
7753
148156
157848
56242
74238
77044
139628
55193
15434
7741
128209
22834
361508
18994
103690110
91603
17126
6940
5316
15438
81856
246279
500131
6258
7755
308326
363872
60611
17979
288665
7553
307305
233060
314598
3234
18998
9745
316351
7690
13199
9757
243931
288489
235469
201254
283933
7005
10664
9640
5325
229906
2034
691842
163115
223773
78968
7760
3651
83396
93760
5927
3216
5626
90993
56490
21833
24462
218772
500538
1406
291100
306966
329002
24508
390937
401
18072
102553866
15229
57594
19696
24113
498407
230119
224829
60349
389524
22326
316164
29452
5814
1385
112770
23988
313757
138474
100361710
112939
15407
688111
18021
268469
362291
360886
2909
146198
70887
389692
75580
57057
293537
84146
109889
64919
14633
317432
8553
12394
232875
361178
22431
84444
170767
21781
100131980
18018
503124
226442
15423
316327
94353
11278
22809
246791
7270
284346
84327
305719
6659
79175
170958
289230
209448
291960
16978
299186
25094
230848
64843
13172
3431
24705
245583
653427
365963
214105
312195
269704
7994
54711
304941
72230
4086
307805
304010
11921
328977
304935
208677
23764
100072
90592
166968
7757
4223
24831
15414
282890
7556
2928
5990
627049
300470
300447
23414
6688
192246
499100
17977
17131
7733
57116
10661
303617
80320
80829
6911
84472
310086
22993
117154
100129654
90594
219150
347853
302415
12608
84163
30062
498160
233893
51123
94222
20680
294343
148979
7748
4917
7696
3217
4066
215418
664799
140467
100043757
646864
313471
294322
6938
18741
308607
1316
75605
4093
4654
23099
19373
500982
213753
500108
54897
83826
20679
288155
2306
8929
1746
121643
364680
363684
60529
102555083
342132
304809
84914
497881
67370
55758
344191
300446
22757
