124906485
391742
288651
291773
6881
294693
319944
128966671
310784
54457
66671
314228
307485
304714
209357
75627
112495
6880
309194
129685
124906480
63856
407786
72504
6877
112488747
124906482
6617
21343
316216
23894
9330
235459
2960
170844
124906478
68153
653390
643615
99730
6884
112488739
2967
100360100
294018
363493
171152
730092
171063
2961
83830
124906490
391746
6883
128966665
2975
130160546
362537
83860
9328
106298
2968
128966673
2966
902
21341
74469
24074
124906491
68776
373541
2972
112488740
6874
74197
124906488
130160548
6882
6873
128966672
288533
2976
646066
68705
130160543
124906476
9013
6878
77634
299347
124906477
361420
112488746
293345
728340
130160545
226182
124906475
51616
225895
103695118
130160547
306516
2962
294236
2957
124906489
24075
316123
54700
14885
84389
130160542
2958
80227
10629
209361
108143
309638
130160549
72308
6879
112488745
6619
233863
83602
646103
682902
6875
124906479
124906481
124906486
303918
70239
124906484
124906483
124906487
66464
12192
9329
130160544
81674
98053
2963
