359726
23236
5728
1278
54319
296078
1956
207
52163
915
5518
208
19052
20201
5296
25233
26413
13869
11461
25710
80722
116554
59323
87
26420
50701
11482
12832
24672
21813
211323
23426
25022
17165
245921
10463
24362
14302
1785
21817
20779
26397
11848
24246
26419
18761
246240
303330
60
606496
68943
29517
29610
13866
658
7422
20202
50658
25576
51763
1954
29591
150094
21812
54287
66724
14121
293621
2066
5534
17931
23963
192170
5607
295214
6446
11142
88
19058
12235
170911
24337
24559
79114
20963
83884
688288
56637
227541
18762
19106
25578
1290
54250
21981
29568
2203
7049
18760
94195
89816
240505
29741
140898
24954
2081
57538
301737
12361
105787
291245
4342
299012
7533
9863
11479
13805
17691
18759
59329
5532
4659
6271
3084
21814
78975
14933
29613
8692
817
313365
83785
8550
108058
7984
14255
14183
26416
23964
24654
306956
109711
12322
5569
14166
81634
171503
83805
18751
13649
80173
3611
7040
24675
81
18479
5578
2246
116670
5515
19090
2931
5588
81649
6300
7529
1977
3643
54997
12166
25237
133396
24854
2022
26417
5562
11035
9110
699
25317
14309
5594
287533
6041
313121
5604
84016
74053
15587
56718
10178
3162
66513
6885
116547
12167
29565
18708
57451
56532
84352
1915
1811
11652
15235
298575
10636
15461
695
7052
1432
11651
63836
24329
4294
8601
367901
50964
3481
60525
60595
266709
25449
54401
657
2064
216439
269881
79223
7046
269275
18767
26395
295531
11555
65248
24896
814
54324
56924
25513
7295
365661
110157
18712
85420
387
394
14182
17451
8536
25
29381
81810
78943
8301
11350
79209
26414
51741
2241
19281
114906
14158
5598
815
25522
84010
19062
5610
2475
28514
54308
23938
5579
25050
5290
22629
24674
117273
18795
50518
12500
8631
1191
26409
18709
108079
51412
5058
5599
5602
170851
20393
22339
112400
91
6280
90
361833
11122
23939
84032
9392
16202
55914
13629
50791
1991
5608
14816
24680
73122
80707
288563
497010
307124
23368
18769
29748
94
5530
59086
13684
498358
5600
29126
29431
24451
58960
7534
85421
50686
116904
29424
25400
5595
13487
2260
5295
84006
3064
15368
5590
5606
81822
25023
65018
11472
5894
56083
25272
361925
14173
51791
25155
84027
67694
83766
56011
8573
101540
86
303200
6279
10454
65218
13388
292658
11477
365298
2444
317546
22350
14683
13627
24649
24703
56456
5605
233489
116986
3603
56717
2247
20193
55902
498013
14164
117242
3265
24414
7048
114629
116590
113970
12825
315139
117045
24176
20874
19056
12326
214230
2263
12843
5601
286975
299606
5798
360748
154
6714
24014
5292
60533
81507
308463
21803
170922
114705
11855
947
5563
2322
5587
59079
109108
12759
9077
18706
5584
79558
26396
22166
50689
5591
6850
74499
257397
7430
19055
64468
16337
12490
12231
1281
2932
78473
24185
22631
25865
12229
4916
