79413
353282
252856
72065
81559
20747
287647
362530
283847
8409
24128
319155
57491
20682
30951
14632
200186
5914
3239
683522
170622
67150
124909320
64444
685729
54934
80264
7403
329003
128966591
74570
18509
9252
84775
5897
55809
124905622
311807
54623
21959
94187
81736
230233
14028
303164
682902
689161
252886
29508
66467
4901
2002
170767
25496
51616
128966599
57343
289181
299766
8468
18033
6775
7101
29192
13983
5079
361526
8237
466
7314
10038
228598
51499
12953
59323
360819
18988
84474
110354863
232966
361849
312974
21676
303039
79241
292027
12418
3516
26919
685102
12428
100040462
170639
17692
100911519
90523
296281
50485
100505555
214105
56736
218030
79027
1602
10498
500950
261736
22809
304127
12577
17165
81679
12069
149951
18673
8202
6867
10463
54093
79192
16543
237465
66317
58887
20779
81813
20689
499762
361715
170958
101685
24246
328572
114510
71137
79128
500972
19724
27148
27287
20602
96764
4861
269997
499420
83619
15433
8313
2971
91151
115768
29517
22290
433586
79921
74522
26152
2114
7621
9862
26036
2120
109151
81550
126017
7422
55249
51763
15361
17870
80829
731220
24224
103691557
10009
9477
4761
23834
729747
388566
5663
148213
315210
4841
192645
6772
299557
70020
10848
2066
55835
138151
221504
57232
1655
2957
12572
1147
70802
171150
15510
297627
287361
72135
12576
24116
7551
306254
6446
15410
4790
94353
55942
69125
309902
16978
1960
4774
301515
3303
27107
685691
303499
192246
100359464
84580
51377
364883
170787
497991
79724
70925
216154
1290
384763
18046
316129
307905
74322
100129654
27164
140657
113922
55422
228829
494115
80285
64769
79903
23522
103692126
25639
682507
90594
55211
500695
503000
277353
299347
100360638
8341
7750
682329
20429
102551846
75580
360389
7049
11243
544971
728137
57727
319157
72749
688502
3216
72960
282845
23326
74123
26354
289307
54264
14842
367
55994
52639
7543
5977
363595
363831
307721
2306
162962
300891
69482
303828
15384
29998
50887
6427
25850
100419780
93697
123016
21780
622408
71777
9310
29871
308366
21384
22648
84312
4342
170909
24113
77976
100506164
51132
25824
361668
124905621
11179
71059
101023
17259
7011
680611
25493
196483
66008
679571
308906
294388
51523
108989
59329
402569
15110
54194
9869
11770
114500
296345
311910
309069
15259
8467
14461
6886
10084
21417
9422
30877
20997
116940
23270
313478
361990
4798
69234
113523636
51366
18612
305066
124905617
10473
381813
235497
361178
140290
70439
224903
6015
20181
171299
77035
6322
242705
56805
299905
79362
362258
498402
14255
340385
12400
360621
23316
291691
312947
213753
234736
502759
114889
690244
81489
163115
7311
73884
15407
690911
217827
4849
74763
9447
12322
64321
300389
103690132
107771
300470
29618
18627
68231
294287
4171
305501
8358
69726
11108
217069
302400
51684
59335
320595
6996
6878
72465
287185
315088
13713
192176
112399
10621
18479
645414
7978
79710
64320
16600
729528
26296
1050
4094
209225
148266
29382
2304
152098
644524
319165
3068
291736
3205
54997
66341
50913
59004
216161
246770
321000
71063
70470
75137
54601
64622
140934
17187
64379
313929
12017
6749
230793
728340
76044
79902
306960
79913
3225
313121
79718
294322
8330
890
4150
340602
13876
18032
7027
161452
10178
15904
29467
232232
66513
22882
298074
1459
22282
134187
80818
71131
362464
291440
310859
108946
289230
100911668
23613
84699
192352
12167
22890
29565
406
18292
147947
10765
299691
319160
93973
74716
6944
25483
229003
3663
20681
100910046
361684
15461
76854
22873
97122
293615
8438
67151
57233
30009
360815
353310
224656
234686
2909
18983
310086
230674
367901
121549
4602
11910
11244
619289
239528
84660
66423
241915
94112
299607
4773
155054
7564
100129583
7746
57594
79233
67525
302612
78751
499417
25799
312647
29721
208595
4801
13000
54625
311944
296293
269275
59035
51230
15162
238673
2968
27386
314638
389058
688583
497987
433700
56917
500129
215627
12592
7690
15163
195333
307296
24896
79215
499497
51564
5978
83983
317259
7697
297804
12606
15214
22632
288665
19708
23361
56323
17869
546118
72693
54108
83395
92552
404634
67238
29203
366142
100042337
2738
19656
64466
6419
25
1029
10716
84163
117540
83724
23140
66505
12569
282817
101612
100130863
291406
234023
94092
232816
367314
308913
54998
29086
15400
5970
20587
11113
124905614
2241
100911672
296374
22691
690450
22720
5253
293586
23466
151194
2960
7582
125893
292301
71952
6777
84578
362819
17920
23741
5468
15370
30062
9557
216825
7942
238690
22654
22431
474156
6881
231464
63974
193043
51535
383491
116648
66597
73430
15111
498575
230025
268741
313566
25050
68744
293710
10793
81816
80859
7704
302553
91975
2928
344167
501546
10445
811
9745
257218
4087
4665
72306
360960
2332
269870
9325
9442
71175
290270
367832
292820
24828
51028
83474
84481
11810
114612
361825
319167
297879
84337
210172
64395
232934
81808
84295
57573
1020
20962
7391
26409
51412
20850
306110
294515
83508
22339
362607
101994
20375
54611
1482
108671
81518
56761
4524
64186
362791
359787
362950
319965
237558
25587
4808
269397
301442
100359916
305258
300954
8521
91603
9324
2648
500239
6874
54680
20183
308311
68043
6887
216820
58940
1028
313594
55506
128408
53404
116557
65243
497798
13875
312936
8193
57158
11909
80707
22215
17978
29115
20474
18769
73139
221336
29389
90649
29748
17286
4010
4084
6736
381678
11279
4009
313048
57314
237052
6911
20664
666311
3312
497896
23515
79609
362548
690528
685474
22954
117140
212139
8607
71591
309389
53975
23894
85421
50686
6599
298878
605
8971
116448
104156
79431
66354
12427
22764
360817
9913
29375
301570
15221
93765
5595
149563
64050
80720
295568
77006
75560
25842
242523
240590
219249
337868
55588
5606
24518
118471
284371
25023
76901
223723
619331
56361
146059
23440
327987
5894
26040
207667
308108
102423
69714
23983
147837
9759
102548695
12055
25862
79755
25272
302583
15424
10308
6940
7341
25155
4487
165918
55197
373541
228491
98386
9321
4781
225876
20671
287076
26581
205717
353256
86
75871
234388
107932
68077
306655
252884
2067
310090
24883
89887
12544
653657
70103
360631
286990
30051
152687
27350
217127
4796
4760
83860
19285
679155
52713
317343
22772
690283
309772
23304
18741
128553
84653
7567
14281
84584
653606
295214
313575
22350
12006
23942
1428
153572
24649
283899
314310
313418
20665
500562
21407
312299
25628
53840
26053
361237
56717
11991
362093
690516
11924
287961
315882
498008
117242
84875
3265
306817
7067
688843
300262
363672
226075
100366024
287615
93679
100039681
17428
290556
15401
2186
378435
161882
23137
22284
682968
360635
68058
81771
66213
361711
117045
72981
55859
688433
79191
50862
64550
293056
7874
56501
308496
92002
25098
3475
67088
22367
8815
20111
93649
77766
303753
115771
7026
361335
328977
312800
363017
308361
21848
3094
85460
287643
4001
4683
317268
686117
7596
497894
20174
13016
64896
22850
74737
54387
227195
84911
4738
216021
124909015
168544
58533
546263
10413
54971
84128
10361
164684
21803
67235
289201
63935
84662
380912
498607
84472
947
76793
2322
1998
162993
18142
5587
100101467
6497
109108
15502
27443
12928
93762
98496
170849
55553
166
26993
79558
381549
22891
100363361
304941
7569
57593
19009
308992
100359821
665780
5187
1106
104263
284695
4794
406169
11746
78973
50883
315151
19055
21380
58198
68196
299043
305888
53982
316052
9329
71828
25585
21761
12231
316580
362399
303469
22224
136259
347853
15184
116549
143241
68045
24437
306257
112770
91392
78834
19118
14239
2672
226695
51780
10521
299061
3092
54319
15218
246299
2104
90850
91133
68968
103692131
71769
15078
545474
214575
212728
343068
293294
55290
501174
11622
26609
53317
22416
269955
307305
14106
21415
228019
17172
309457
312248
51123
5784
310399
20201
12142
4088
382074
381404
225895
6778
14836
80314
56198
22750
312154
9555
22640
133522
389549
7182
24170
313253
500057
24948
29515
10128
74533
124909306
22034
26292
18736
55609
170826
668501
299514
13990
10113
362631
228911
103692164
64646
6773
683626
14531
3142
305127
67089
23082
21813
211323
85363
116722
679346
22696
16480
363014
667823
23152
209357
240690
114499
138715
99480
382066
54828
361946
71990
25640
51442
68770
297867
497881
100090
319177
57335
12753
8028
84385
245921
63950
2103
296706
6899
3275
14302
302855
21817
70408
15422
79576
22608
56469
7766
214917
11848
103690038
51188
152815
313020
2296
7544
18508
4853
16478
22326
18761
3096
4990
29842
7711
388112
6495
25671
7021
319162
66126
28015
72480
84807
51496
71268
22715
57756
6598
17701
15395
7342
55602
6847
85252
304431
98999
300656
499313
13163
112268164
339327
9380
60421
21812
66724
292888
4582
11864
293621
498160
6873
93134
266738
8531
64010
71148
8805
307726
360030
100158223
6424
94165
268281
9404
18515
361783
108348070
5534
7004
25836
11278
381280
14462
106894
363249
353227
51058
114562
30928
25565
5455
307615
67111
300084
79811
12648
22938
78912
361107
288651
64425
227292
21833
19099
319166
14245
18102
13436
150572
79114
67673
25734
5074
58853
98403
50945
21411
201501
292548
100360307
16475
26381
53635
301431
23349
319207
12013
58487
25578
315870
54941
18626
55888
19374
223527
56335
9978
55159
66999
83516
66511
211329
71371
289026
317399
93986
91664
6500
72057
8242
29568
25909
345643
56937
16969
25476
26298
22589
27245
100041581
9500
4968
11011
20788
57441
313323
59058
362981
307236
25672
8904
2290
84246
232811
362085
8312
60371
25490
89816
170261
4779
1856
300367
315843
363872
10616
308607
226519
2294
309888
13656
7594
116671
680427
71835
12395
29741
22718
52690
1111
22877
163131
66830
306464
2959
312478
21339
315792
89819
304342
18685
8658
71492
22887
51008
21804
18092
301737
56296
645382
64685
288416
316626
114845
192274
66104
75079
360471
12419
54738
5452
688845
320376
84891
20658
3728
365900
66138
20476
17691
18759
256297
10424
434
50943
3662
3151
9149
257632
20231
311876
499882
204851
71375
3203
52592
302369
84969
26554
7862
100503355
51701
301476
301076
147658
85453
21374
299647
67788
26009
500023
162239
22993
304758
284358
8550
641340
313216
56341
147949
16826
5307
314704
2077
7745
67014
753
148103
93684
2299
64855
171068
9519
63876
25979
309031
688999
12677
51655
75291
16873
89884
366169
5326
22590
366213
81647
14166
55762
64160
10780
23558
74434
91752
10215
680549
192657
151507
66568
6049
13592
220202
29386
269401
54267
117854
691157
25898
304947
8178
463
81
311604
26039
313811
676
10370
236930
644815
361652
688785
129025
100129842
288457
19090
229675
18572
12144
51575
244579
117560
56612
216853
681901
22200
60611
54139
18096
365192
308435
252855
212391
114490
83903
5619
24522
306096
280658
12913
72180
15432
25237
319171
133396
26417
19016
68073
5562
7316
9110
300665
81857
4793
362375
25317
108348182
15405
297783
21969
5594
2113
3236
24356
22827
5885
54542
8932
66556
685258
296344
26940
905
310612
363493
362229
9208
13654
23957
107351
619310
362825
66310
320209
12608
100130086
146540
494445
440561
22834
15430
200014
84661
25135
11240
284459
5465
6722
687001
7289
14237
57752
15371
75826
20611
84352
8284
18813
69876
545
118472
16842
23967
15903
222229
8338
51585
84695
21853
303905
360592
125997
19357
53626
6241
26108
120237
305913
286899
124535
299210
11878
14841
58208
55840
66645
6910
24666
230936
23133
221833
3224
8609
58486
20841
289185
7576
285550
72462
81758
14284
124909330
14843
9031
53379
74319
283933
22976
9968
292751
224826
58852
22196
366276
291912
57496
288353
1958
5981
232187
7547
7189
78284
51085
216848
77632
665902
169270
89870
83632
25231
7469
2494
685229
304741
310352
365661
103691034
647044
51157
287469
329934
65980
55023
10902
683504
25126
64324
728395
619566
431707
340260
246284
17451
25334
387032
331
244694
17134
8301
316351
51586
115482686
320683
200350
49854
545725
83695
653427
23543
108348112
79209
7706
13433
29890
257
19281
208266
211586
207165
57321
116639
3021
4791
218333
67278
64530
25522
24508
10553
363188
3431
315606
25163
54201
67685
691379
246149
171017
26240
232976
15377
689704
56787
361765
54299
18025
54069
400569
23379
84181
9039
385312
27250
22690
287422
292884
360552
330230
83984
67087
54650
7559
84108
78986
57459
11628
24514
9205
2354
381867
694
15289
10891
502886
57798
362425
223642
664805
353274
171329
170842
94246
214899
15081
57332
163071
308215
7625
5245
18071
55082
57673
218820
108079
100361133
85441
362686
7757
15254
103806
300260
14957
317413
83617
112400
72114
57908
291414
11036
21681
17126
299116
11171
69716
25920
7025
288683
24388
4800
381359
329559
103690123
3181
311414
6197
7029
326
272347
305494
6908
74197
23939
304495
499874
467
147694
288710
84032
148203
303310
50791
20481
302593
4213
13870
863
80732
289372
148198
246768
9338
25261
13560
283150
497985
289048
97165
124905626
170729
192195
13486
17863
23198
2301
497009
3196
728642
18420
25388
23885
291772
9274
314131
296583
498559
287830
1601
71609
245572
64591
17876
341567
13198
10725
10782
269610
292060
17268
230796
93837
15436
284252
201161
10474
18817
100043597
245583
315988
642658
11624
8013
29982
58492
117024
18036
5295
1027
17878
84006
27050
8464
7443
58523
15368
101206
21677
21414
64200
84901
390980
245595
29279
56888
361630
361746
113984
81650
11472
85457
26922
218490
78969
54880
64453
18037
29575
17688
78619
12402
20230
74120
444985
83826
54678
56970
18035
230587
8320
79237
309957
1054
228876
56353
445007
100041294
308896
68558
9839
51078
10443
69809
15248
7692
116544
56406
23412
83766
68153
282546
360023
5456
29361
329
56848
499952
7507
498453
236312
6660
229055
8655
8332
312195
14283
302946
16870
85416
7587
127396
70227
3013
313352
126272
18991
15284
3727
94186
8969
313557
15417
296653
9658
109113
27000
361924
307485
8356
51111
308976
140583
302333
29535
8022
80854
147948
232878
100125288
7574
59328
288736
97064
361745
223770
29534
497944
320633
100910807
366856
315305
83801
8365
80278
12795
7769
299313
18935
109032
5993
259270
288770
56381
19646
10973
308755
892
6837
18103
144348
292064
313647
114609
316312
223669
11137
94275
376940
311508
342132
245596
502846
114629
317575
116590
55693
113970
298558
15206
79797
107586
115560
1660
12825
91746
319154
21674
81488
18602
26206
12398
362962
4618
500893
79960
68098
69260
209361
2177
11016
266774
309680
342945
100360757
22775
683381
54133
8479
110651
237339
65990
307740
244713
232875
117287
58508
226409
8900
299648
149076
499146
67768
363026
8861
219105
20846
12683
10773
24014
22294
5629
311615
320332
24208
497897
72308
214779
688699
14235
55128
114705
302711
730051
304648
85508
57215
191575
287662
64145
54561
84678
7549
388507
20182
219736
135112
60376
6757
103693776
365744
55139
158399
80317
60331
55193
18706
21340
7508
291567
231866
124512
22166
677
381319
294693
8239
6850
499100
283248
297066
378425
55818
3238
21422
218100
304054
25573
21399
15381
90317
56916
83807
90589
103690114
292610
77771
100911576
171160
80319
254048
499362
10766
22631
5449
112406
289752
7652
654801
680201
71041
287918
287462
80205
12229
239706
4916
288153
81285
117062
11166
116447
571
2623
342538
51450
21420
100361710
5728
56856
102991
366949
7421
554313
317612
56399
72440
308449
59026
13544
73178
116633
116039
100360412
13711
361544
309630
12217
364081
8336
12971
18503
22693
56956
390927
260298
2879
25806
100912108
222546
315748
362414
316742
7705
8945
54245
64127
63943
55839
1108
70315
448828
18516
24840
79256
12454
10628
84717
16391
310958
623474
100911847
11461
6294
17283
57521
287734
287456
70998
84765
309550
319748
498982
6496
55250
233545
111241
100009600
287432
17135
114520
4917
7771
3654
2636
682469
84113
23568
27022
299206
94342
266680
216874
7069
114491
306840
11737
306659
26508
29057
390874
226641
65056
67025
63839
312203
79155
382056
3551
23414
390999
296966
243910
308404
15229
14105
22751
308582
100507290
3329
12929
360754
55719
311591
441873
24462
23837
320995
3232
80892
294975
404672
298508
606496
434123
22828
314910
201254
15373
7071
287423
11632
3660
29610
128966595
25697
309001
360896
56938
118445
66233
84146
170825
3221
225283
15364
22761
23040
83744
24075
17131
163255
10979
1398
3315
74370
3670
10174
1911
20807
23598
55915
7760
121274
343930
4093
306571
503834
84504
100328908
126299
79577
98415
7321
270669
9830
344191
4090
29466
114109
53336
6493
51813
119392
93674
79744
116412
21419
312641
16179
303250
4005
360972
25737
20684
12173
19106
11057
320713
7181
23036
244216
313115
79759
109333
9918
117063
18504
100909657
22286
15227
6801
257468
102553842
311021
71890
1749
63948
29410
303024
64513
360662
10838
72720
21749
2305
4092
72096
293488
296499
208076
3131
58491
67733
12675
70508
472
55011
18986
293537
89803
72230
498642
7629
228714
7161
77853
291705
124451
64303
6877
730291
8848
83746
362635
25301
544922
303188
57741
243834
16859
365155
5929
27049
365748
309565
22779
441234
155437
66647
288597
105371346
319478
619436
23520
9584
1654
55897
269585
24685
6478
85424
72567
388567
23109
9575
84874
59112
500037
303504
8498
29722
72895
78266
10579
53325
11479
19250
668
308845
3400
20128
12443
7545
342933
3006
300807
81525
361769
90390
664799
316214
17877
246760
284312
6862
306974
192197
7323
4605
5705
21375
18022
690795
114592
1488
20924
14013
70779
294680
257649
20848
54807
78975
1876
18034
266812
313702
8091
290794
313365
83785
17248
72504
19725
7013
270627
5971
55213
474343
15902
5241
56784
4904
50868
54456
55729
311832
55787
299343
6651
303518
84449
365894
622480
338699
65100
214742
1399
56438
728403
94039
362733
315798
10318
56790
2004
15077
50554
70673
109181
15398
390937
4086
12023
19127
429
13176
124905624
24705
25735
12005
83805
51592
1017
60349
128854
20020
316794
293992
55810
55929
9880
4306
4435
361627
15285
80139
18140
292934
114785
57684
116670
102551340
100129053
246334
83782
54386
128706665
71981
52846
98053
368042
221785
100416706
353305
283078
84458
346171
79184
7580
28019
288489
1105
17703
70887
299897
305120
500131
100039596
15429
5813
84627
66816
288105
60529
9320
102639543
367033
67239
362668
308523
56222
361801
306066
5081
233905
14309
229937
50907
294343
75387
15431
25019
5700
498633
252838
25401
100360982
5604
68837
60447
20817
162966
58495
362665
54345
8328
11911
51317
2000
623121
140685
57585
29511
316711
6733
20467
102723796
21428
305851
307
147746
226442
361103
80196
362291
64391
55311
363519
27033
6909
313913
26443
29219
294408
18538
69386
245000
314856
18181
110648
22835
74481
500981
316096
3183
170394
22278
130951
84528
4802
12151
15507
307806
360893
15258
73754
23261
20465
313777
8290
226976
320522
57645
682914
94241
688466
1642
291844
29109
8019
313558
18519
501560
112939
10600
140690
54401
58490
237758
124359
83456
604
2064
10153
9443
216439
17846
79923
197320
17002
142
18767
256051
11555
4222
5991
15312
232854
309871
104382
10075
94093
23512
401509
17089
4332
1164
51147
170936
3020
347344
5467
680751
140628
154150
315666
22160
4208
362088
343070
80292
296501
29362
25988
25154
330890
18712
11198
13865
64619
56309
79788
79101
499563
29381
7466
386655
22757
9014
196446
15251
100158232
74355
64641
294512
10856
79829
19434
314616
2016
5989
60351
57708
7716
17133
84193
313471
9318
364910
133746
365548
114906
100910207
6666
308983
8048
303730
9439
76022
333929
51339
361844
6945
231051
29915
124908979
51460
17536
75613
9831
286897
114606
13548
56404
83824
6939
254065
1389
339500
16875
4613
22688
282890
365176
55786
315058
84450
282843
440560
361532
54308
23234
689844
299295
64783
69790
5579
71592
387103
25833
79084
7572
306816
293494
316440
306542
54821
7157
117273
75796
15331
171302
213011
102216272
230085
126295
19013
310616
304714
73381
268996
360531
18109
26097
345630
66255
67245
233033
107503
16815
54811
15267
359948
1191
7627
309429
74026
861
56484
291105
171046
170955
5931
14460
25242
11568
64290
340784
313166
64426
297758
7568
64144
22778
76246
68776
5771
22210
7565
2078
15205
299636
13796
290221
291787
9219
117183
223332
4207
19885
67040
284119
277744
362817
14884
92999
7428
54278
117268
117262
27878
54626
320394
246047
27044
2071
292907
9905
984
55806
117095
29588
381695
210719
339344
16202
30937
361060
67026
5608
128611
7727
20585
53817
298648
13982
55571
5015
79447
54380
4591
102553002
246175
233020
55900
54784
290912
303321
364398
16872
1786
26147
64863
112398
17535
3190
314818
18628
50873
84656
10196
293038
66077
11107
170574
5600
291773
6879
13144
58231
12611
69928
51385
6665
319530
6096
90326
26271
18163
17702
84324
319168
689174
54796
9400
66471
228839
19042
66578
4610
391003
305549
68346
109663
301516
232334
10302
18294
58500
4205
9209
13593
55837
71069
124908981
7643
8915
2736
501145
140589
11538
303511
70427
294289
302812
80838
498999
287095
433466
128966655
25895
26974
83444
16363
54862
83666
103583
500110
129401
244556
17173
5612
235028
211064
6605
85315
6257
79692
193736
110147
202559
15415
22694
106931
361925
14173
170740
1663
364475
55552
27354
4776
55662
81817
20680
644168
19231
19712
143689
3299
361815
101867
319183
54713
90316
6928
11785
13388
2019
361798
12399
365024
2001
162655
114825
22771
292935
68036
17927
1514
13543
19663
7546
26466
368002
11798
12609
299979
16452
120101889
361531
303173
25904
107751
314988
6907
361274
14248
291940
71648
80764
691589
20371
7073
58506
12396
233489
57765
60446
10524
73703
29104
60485
3087
3603
6829
10771
304786
55902
8851
498013
67184
71722
20193
688133
64211
246198
109910
360874
63977
679974
66056
22591
7693
316013
13205
23170
315139
15208
20289
9643
5966
57122
7023
361162
25459
201514
64210
67490
12326
74244
18609
7761
499171
21815
266792
25701
310614
5926
6664
67143
77630
7090
361700
374899
17190
21349
311718
292172
14233
109504726
8318
239546
310659
100130302
3223
57567
227644
17344
67230
67488
5563
9282
304663
58160
56312
1501
10957
297994
6233
12759
7756
8353
51087
223922
15376
253175
361930
5451
79245
12054
12190
500235
688019
1745
117107
22289
288444
50689
117608
55734
84460
4690
100039957
7699
297480
107566
208677
5481
90993
163223
468
361967
16337
145258
687
235682
291439
19696
391723
294924
307213
311826
225280
56676
50662
57259
295692
100302737
340069
329002
116550
18091
89820
309859
5469
2099
20901
75273
5916
90874
22658
1840
3219
11695
208043
240354
15441
26901
241311
67778
121536
1859
100289635
284370
14056
66580
672
73668
126068
2737
201516
1956
691556
76073
71950
400720
441871
207
108348069
9878
307366
15460
691501
235132
54367
497941
108348099
11546
56275
208
256380
6721
289831
499309
70465
291259
79673
30827
363520
289129
215418
22260
6621
23338
57602
233904
283149
363656
1748
303907
284307
23650
16468
23528
5884
310707
5296
18018
81898
292889
305911
15185
11200
16917
367100
13048
338354
252973
26413
234959
103690827
67933
29384
366964
315291
305244
22070
12022
236511
3198
308337
360674
74427
10660
11262
10520
361208
284346
80063
17285
80709
18676
349334
246378
366598
23090
22025
309374
7673
13797
216285
25094
148156
298696
23451
7709
296478
23808
101927685
24672
84547
100912068
54797
689695
6045
23468
214498
312849
387893
25383
7030
24472
642280
708
5308
221477
619279
10572
554045
83833
100360380
313264
1750
282827
171355
5701
26875
101060200
309002
83396
56505
108348108
7376
57157
55536
147929
20674
295062
2302
12412
100502940
684901
29227
1877
26397
56070
91283
59036
291164
209448
100131017
70208
627049
225998
55659
252941
400736
315713
79618
18227
56351
681359
361580
18514
10743
361374
92285
233060
18027
13653
240514
10042
3167
11694
22704
363165
10745
25576
8368
150094
9112
313977
1954
15403
5087
315136
381990
100072
4676
317627
92140
124909084
23764
304061
100137047
306657
14390
81566
103691556
343071
17931
23054
14030
4286
23286
29893
25379
163732
649137
25776
5092
70790
361508
11142
313027
57711
139628
8493
10428
6604
690895
9667
114564
4862
79257
319191
148206
105246
57862
303731
171379
83946
7552
3725
498952
71735
64406
328365
17142
2626
299805
58180
84083
15354
56397
270118
232969
77889
360961
315309
15416
303281
7291
23186
727940
25255
14201
2072
303226
64525
29950
5463
307927
307861
298449
23310
79885
26465
291670
116456
745
84333
29596
9130
8345
7917
306998
244879
1387
14050
15387
79816
292082
94195
5178
11146
5454
289754
500715
55196
7767
64919
361096
18095
15525
7536
25720
77286
20849
64041
9426
24148
346157
15423
22880
117152
8361
65998
75565
233208
17246
102555083
502764
9425
24457
66983
9733
14048
672284
240476
9099
150709
5716
9125
3090
400713
304056
100912096
6046
500156
221613
316575
313219
7533
8357
101929983
115098
498407
71597
23076
114142
307527
29417
116457
117581
361196
100042922
139324
23300
288778
17261
64506
80034
5252
13805
22433
84503
8929
147808
227656
162979
3199
29969
295654
100506403
407823
100913187
100379661
50724
20667
3218
30836
51193
224440
6097
817
5359
148254
253639
66410
98558
303274
21750
362508
171392
362871
313512
308537
689864
26356
363291
244349
54554
74561
339318
4656
90233
168374
330502
51333
9063
108348173
125919
449521
342909
6662
3055
10269
20379
100042946
113990
159296
7772
23309
23964
83477
319594
55367
56160
99982
214158
305624
52712
84864
10927
8187
21908
3206
57634
4799
21909
15500
68675
103551
361420
23013
499653
3204
11007
13396
229700
57913
5089
296301
7024
103537
106021
4361
3166
653543
67224
4298
303918
55140
114505
388569
363991
311505
302327
20044
64800
278174
7529
64824
73181
109115
1030
307498
3643
22904
19763
3169
12166
66336
18012
55170
24854
171120
2022
2146
51755
4654
103692172
501099
30923
362092
6717
2068
9232
164091
8878
365511
12455
20957
285268
864
246060
19401
55982
79809
116674
7770
28951
74053
79221
4780
8554
50524
151636
10274
57109
7319
107889
63976
207806
681849
29394
27324
304962
50659
23409
4784
390010
14534
24650
293783
91120
56980
89825
17932
3651
233532
353170
18708
195018
684681
69821
103690110
689909
13395
71904
64898
51710
84351
15235
316123
106504
30939
74132
314993
72162
2972
10636
253738
303614
210105
684233
304794
65137
23248
116545
51042
81785
9817
59024
6663
84916
57295
77605
26914
287249
50964
26423
12593
257634
8841
24708
10336
305848
14815
363212
17300
9111
226747
18997
10589
9150
112405
101739
6095
23660
56785
103692976
7080
107435
19290
8427
226470
1390
116810
269023
5934
84424
51804
25311
65035
225631
239027
9960
814
54324
80279
56924
243905
380669
378708
100911196
312398
64710
296084
51567
342357
12388
7728
100132396
8456
12393
110593
269003
54427
296570
4089
285349
14182
310233
7022
56978
682076
58967
229906
313484
689030
162968
266813
78943
66225
210135
303745
54132
124908978
26424
27023
27136
79685
7553
75753
285267
94091
13132
11329
308326
83591
55636
22758
84441
311575
4863
79364
311245
64900
70069
64207
68479
9849
51720
60571
474382
304567
84010
268564
2965
362841
124905619
10951
79943
57658
26468
79088
307839
3659
23119
108655
18024
683603
117584
63947
9139
311713
104416
235626
227867
20679
54343
55927
66262
8195
291469
171124
409
242285
84851
292569
11315
433693
24686
29079
149628
100910506
23347
50518
19015
147741
360609
642819
117280
11091
4211
11819
25788
10522
147657
225872
65050
408
680620
25148
233908
12916
687553
6433
219158
109575
93681
51497
21423
315936
22026
94222
80155
361431
59348
8896
14051
158506
23493
310769
9013
55212
23710
56906
23519
500137
72512
90780
12387
84307
309003
207965
680522
17955
241066
302680
311071
3975
367846
2298
64455
17128
653121
308472
90826
67222
8433
314330
12029
10450
269344
365371
338917
171023
311901
25113
305858
102554102
5763
286380
29808
21387
3280
18099
126375
4091
24680
73122
501097
2128
66671
293860
1653
313049
8360
195828
689972
94
289595
11863
140938
5530
59086
55079
497986
116033993
690286
21425
290749
114637
25581
8538
260321
212712
320799
100312983
100132074
7988
9821
57763
550619
110805
8295
646864
112885
224727
18432
79682
129880
79727
691842
2874
53415
18426
246792
83830
109552
70127
55122
170959
223227
15412
83422
3622
4488
69807
3207
23066
116646
242620
27332
235047
3064
291100
85434
690660
3066
54925
60373
2274
367218
81822
17240
103692168
503487
24309
9994
442319
362339
18505
8463
9663
201798
30046
23408
194588
24581
305687
57178
360581
309626
24873
314787
754
363292
56083
292206
100910508
317425
691610
10322
63864
679701
23825
92806
1044
100128927
8573
79401
6594
64764
1499
14113
84962
80095
26155
9337
115426
50721
266670
221656
221143
199692
56273
310638
57466
365298
71163
53376
243906
19184
57432
362125
502946
6932
301035
24831
100683
114503
3231
7570
19651
63934
24703
63035
81827
85482
645425
362489
5687
71468
228866
17984
13009
116986
73693
304103
301285
100192205
58172
66019
728656
303165
211134
500308
3164
12879
9794
22344
498072
100504710
21402
1649
311311
291202
289990
10620
303811
83741
25509
66403
54617
17191
6938
75329
56455
67959
85261
90655
8370
317715
219541
368120
72611
11793
433375
216049
25855
66929
56998
19122
241514
66277
51637
163050
9440
501403
681740
5036
12843
75452
80336
117056
154
11634
117542
24962
22767
259241
340543
114498
303201
229615
12649
306695
72041
374900
256643
362925
6760
170922
21849
167826
100289678
11835
11855
306007
1316
63978
688968
51282
17192
293701
246086
22823
90321
24471
116115
9412
644353
81646
22689
498112
7776
22634
7633
366980
5990
305999
24413
56033
57246
51341
92129
26396
22701
72739
266711
12616
20471
54284
304918
78972
7430
67378
161475
102548778
18763
20466
344787
18045
679028
300206
91433
29080
1281
57591
126374
100911660
84924
297333
363035
867
1747
7258
596
59327
102209
56249
20588
2308
12394
116725
9889
228731
10943
499929
4297
16364
124908988
25243
170900
309434
57336
12914
653604
221037
68490
8354
293736
2130
27163
295231
309165
18148
22698
124905627
100911483
225207
108143
304987
3899
14049
246273
69496
170724
60313
100978
71093
25690
301284
55209
1025
26287
71876
290831
22218
59057
268515
20610
56086
152518
22378
16477
328801
292044
2355
30818
25763
102553866
79842
361400
230673
11100
130557
898
51176
295965
10732
3508
93686
122953
25822
134145
338523
6943
1386
67772
2091
9044
25710
685179
51427
645832
114803
305083
76251
54897
220929
11482
223701
294276
114604
25100
245688
85004
56031
9247
4783
366953
9271
84629
391257
689954
11925
70088
23426
691857
503582
15201
300029
114512
2070
573
319172
57261
1024
5459
268448
383619
144108
14489
228536
64375
23435
68975
440097
5204
66660
3642
24362
29117
13194
12192
71974
83714
102774
3237
3170
500281
22770
12912
64441
235134
320549
6474
303946
70122
55629
332221
3054
17975
312331
339324
8626
168002
3209
15394
6872
26419
6195
315497
18771
24068
60
7251
74469
29995
80338
77128
124905629
114674
63840
3150
360481
366229
117232
29591
51812
15426
7554
64754
294562
302962
304271
56731
367034
109331
10467
400735
58850
16874
55869
1263
7768
29841
25336
56722
51397
55534
84574
300193
57805
55062
22051
299687
20482
83561
22926
12615
5607
3091
72344
689523
8329
3148
68729
309430
52662
194655
170911
13392
302811
79365
81812
104360
57209
5715
203611
1385
147339
79190
12915
668976
51547
24438
18762
171104
117274
6880
56940
362704
289881
311661
80714
233058
66970
12578
23857
128966656
80712
117034
55502
362675
67664
114548
344018
12317
219409
389692
330463
2314
291228
25221
166815
20382
300837
12534
29328
364069
499510
197407
100911453
86614
688328
18996
73914
59030
23774
76007
17537
314384
3012
10384
312303
55766
1810
242466
75029
26048
27274
101928160
252962
290829
3182
6921
15220
19181
57538
24069
362581
105787
161582
84792
23210
26043
76781
366078
307362
314423
27140
54131
314246
100360291
266787
192231
70601
170067
20933
361881
79800
231044
55749
300955
308430
360198
7584
15372
29274
58158
100043497
135935
20439
72486
315039
16597
29357
70823
23877
100271849
113983
7068
269252
51602
67279
29613
307924
301555
100131390
361999
680050
360477
3229
64431
295052
7849
64383
300446
1051
100381270
289052
108058
300235
54939
500200
67057
15404
234135
230162
349075
12234
56632
16825
306261
440515
29068
497984
385674
21400
314205
5932
494021
500818
51504
81710
500030
9275
84159
100911235
320795
24654
17129
221527
52231
60462
209707
54446
80152
18124
1609
64412
9441
81634
26896
252924
148327
5371
312916
10608
51545
278672
18751
360254
73708
9406
17973
57693
29458
136051
57597
4999
22762
365299
57616
20852
107765
30954
100361818
156726
401898
200315
22807
18992
287834
4601
7335
100365184
25431
20024
8856
100042929
11124
502389
108351806
79116
367106
108155
21408
57654
6300
27319
253714
64843
305391
862
56254
364855
100911859
493861
679693
68703
93760
304809
308345
8819
106389
55723
699
109593
245806
6688
287533
234366
1855
4691
18291
68142
689210
57436
307151
55274
10847
291423
20670
298400
109263
64618
382867
8350
29028
60661
9612
366542
10155
65102
309170
15587
8314
239364
57320
286826
131909
18993
3162
381308
309095
363735
6917
2547
24404
12705
124909093
305910
228880
26205
57325
113894
434219
56242
84527
84759
211770
67956
252870
8061
362149
59016
10363
69612
653545
342900
50914
69792
56919
7696
689988
210766
56532
294787
9734
1811
85483
298575
390963
2491
288906
80853
11545
695
85489
9988
75410
231506
269800
15353
66266
3008
192269
11651
117505
6919
69020
232440
3171
84473
387132
293012
2966
11164
9923
266712
283337
232879
84844
24105
60525
66214
60595
9423
22702
79818
1826
8364
303488
7743
342926
25449
190
20186
10661
362115
17826
301034
65028
319152
56154
218214
689858
10781
8914
114026
362078
74343
15950
319955
399823
8110
232286
23376
23411
79039
9212
72949
56751
170820
65248
291849
1820
4825
304157
25159
79612
55769
84505
80306
499361
7295
54856
314306
107817
60374
58499
67255
6789
158880
300447
20847
71330
394
79451
297699
16371
81810
147687
23038
67381
84256
108161
2280
114501
70625
8362
22780
307029
22061
54556
79594
15257
2956
19359
58919
124905618
51741
54665
93696
7392
12951
309447
84327
193796
57473
23994
55758
10691
79177
688749
54454
81819
1761
288821
56503
499108
26257
363185
3059
11043
64572
51003
57116
10808
84600
19698
374879
209200
229007
163227
22697
132660
26386
147912
4899
147660
68979
23938
17938
83637
84389
292721
4194
22629
306492
73614
64424
78251
365564
18795
29567
14004
301059
290284
212427
10365
498394
6839
503835
81879
54531
287638
12180
7618
15982
5828
72568
316643
683923
16650
50911
74287
78893
54737
7712
18132
69257
74490
6934
5599
7329
3726
7919
100039319
14775
107392
2309
17355
192218
108348098
20184
689619
84939
211651
126208
100504180
1857
116870
269209
308434
15481
362194
381373
390992
90
304470
92595
57621
53422
361833
124905620
7003
360482
69544
57751
285676
4152
79776
25162
299180
116871
306819
306226
297705
305455
303547
51274
287765
26379
298189
319156
23492
234219
381686
53615
60563
57592
406164
8553
27221
686323
227631
1460
146542
237336
305123
116071
56458
69504
25389
79595
10438
19291
314870
293044
233490
308900
320145
363221
64344
68750
689788
13684
312440
339
4762
278304
117143
7753
29431
195814
1523
84509
29222
286205
17121
444984
585
146434
11317
309452
1789
110796
23175
124909332
55663
287521
23378
8348
6473
6618
58230
55578
16151
364140
58851
8331
74044
27057
57376
64202
315159
78783
25400
689883
7733
84330
2295
290997
58190
58820
305471
363067
17979
3212
9967
308415
124909294
314436
94352
362176
246282
13435
313905
218772
18510
300054
231986
67099
5462
241764
689
103694865
309194
14634
15375
22847
7579
11331
687424
5017
76804
12416
9314
170844
4646
70350
64046
54361
282840
100912585
84027
4117
114494
1616
67694
53417
56081
6871
1630
29512
84525
361944
68050
7597
73569
10320
7562
498864
3005
3201
115196
25276
390598
17420
10454
6622
60436
3397
72117
56233
9278
328440
316327
8820
363170
79753
8352
10221
85403
116931
2116
222894
2637
201097
55791
10458
171454
26149
2115
171356
385338
100911837
25149
7701
381410
124944
4778
361877
14683
56809
320165
68350
652991
15273
309613
104271
122526778
287380
5605
2310
729458
14375
127343
66083
208908
15421
22417
19821
77862
311723
3428
30942
685879
106298
14479
2023
499083
9015
14164
29087
362896
288077
13017
6256
79977
15260
239102
64571
399489
10906
84353
114049
1052
55167
300095
4204
29134
307947
66653
7175
8359
319173
93759
217082
18131
57472
26910
126070
7639
7703
154968
291541
24176
124909329
21426
11178
303181
103836
23064
27632
308406
499951
3211
2122
360801
116685
6603
6418
319695
234852
16372
3010
14885
312309
14633
283651
23051
29300
308457
2876
6714
284323
51276
117263
54581
126231
85423
162967
3070
244813
316216
308463
14084
2649
100365363
19416
66172
83712
22806
67985
305811
9757
291908
55922
54124
10189
9541
144455
170818
53892
100131980
23569
314598
22057
25337
21907
313507
51043
300266
122402
18089
4854
17342
80320
17122
22944
69131
2138
97908
23211
84401
646
384452
272359
319817
25492
231386
8648
17119
269424
363481
9739
316328
65961
6827
303241
171506
25498
27097
440563
257397
1869
310775
57050
9096
25223
170956
328
313591
501138
220359
296511
314374
192651
2932
10541
362591
296272
233900
607
683410
499593
314799
307641
6776
21847
72723
682964
100288711
72612
2063
25172
140883
79813
29994
103690342
23236
1278
3009
339488
313978
298894
109095
362481
102556967
54906
10527
307805
308362
73739
124905628
52163
7020
2118
101927189
664701
116848
13180
368178
20218
19052
16396
10062
114519
24252
22646
130497
3184
29609
101095
10379
17936
268903
57169
3007
10597
11073
298981
284390
241494
5494
10150
25233
79664
302495
57167
6689
79255
21418
79175
91464
308420
223843
102920
9403
8473
363599
2521
83602
291409
4017
14897
5093
500453
21412
73274
295251
87
50701
217031
215693
231991
106143
29947
16647
402381
298687
22337
12832
14236
19822
303480
55705
1045
16598
366998
3146
619665
367092
72843
127665
688822
63925
3965
30941
313554
3149
9705
51079
246271
25946
8520
55352
5119
51001
67037
67991
5139
12568
104721
500569
362809
29942
121340
8625
60468
163049
1785
289707
340061
84914
389421
58525
292898
56979
16373
7320
311163
147686
64196
59126
497672
307616
268980
305064
77045
208258
9474
59117
303617
4149
2275
313867
83993
680678
18569
29806
100131827
289717
170917
2101
13866
50809
19130
18023
100129543
110794
367152
9506
170930
54287
432731
17859
64520
192226
18985
6894
81524
58202
56711
84948
54904
54608
113898
9025
2033
6018
122539214
80751
23648
67109
293976
20787
80778
84858
121643
22755
84298
546024
192170
4223
19360
408068
309887
54989
4004
11923
210162
363836
316087
88
312897
64067
17977
66758
17872
56613
84787
12235
7091
7259
312451
24337
306328
24559
20963
228775
688288
301676
689582
289468
203245
308766
303970
5075
22601
8518
5450
223870
387131
331532
102547932
23099
64707
299053
245525
342892
226182
53335
12447
6601
9326
17132
153443
15213
12355
327992
728361
685360
231130
641
120935
12043
7586
100360100
55095
69587
2203
690820
21372
56943
57080
4212
18760
20869
311796
70571
54383
309288
81717
22110
23030
57761
114212
310784
16869
29216
91661
6659
685697
297065
224613
72556
431706
217578
310704
85509
102556119
365226
12361
8804
297805
4807
5083
163087
382239
360917
163589
69656
299012
2117
19697
20473
316219
26885
287280
498749
217410
16764
54169
15434
24152
54457
687536
290631
13542
57749
66923
84426
8970
21781
208727
24086
166968
240869
218973
299638
730087
60491
79862
55565
64384
56036
124909305
23373
1613
284309
9355
621893
4287
11865
232430
235320
690026
306873
307919
17450
2307
23272
6615
55257
57822
55646
5111
80184
85012
304935
367944
6794
9085
234725
17260
20591
25517
9802
140467
170302
218850
17954
268417
23635
14183
6299
147807
195733
314949
25357
57783
290939
285989
8690
387332
15183
100909750
100042944
19820
1408
5704
54753
238693
8092
25620
360534
665943
5080
642623
360491
5077
65992
67155
14238
296953
54633
54388
15379
26038
55617
639
26380
434218
679869
167465
287828
201973
647219
107823
298247
10140
13649
30946
80173
163059
301128
225497
7040
18511
270624
309918
117535
266713
2246
494338
9753
104457
208104
5515
73389
67393
103689969
4331
7468
18424
290359
361607
54851
8294
18088
81649
68040
14008
5994
306966
619385
51788
23633
3661
308911
293345
9480
139886
7913
4609
14958
3233
29777
22059
10892
10664
293500
101543
55051
11035
9416
10514
292747
55904
83463
303991
100360041
21771
304988
382639
304859
117149
26471
50708
140477
2516
69228
304010
362166
54244
83852
137814
64470
114208
22722
348327
20583
8366
56771
18423
81528
56165
234069
214855
140586
73247
10360
8721
13710
52708
8544
116547
3024
216850
4772
226439
255403
4221
108767
728957
305719
653404
20613
19213
317376
362110
22913
300257
15413
6913
170960
57451
619577
65161
219578
90338
233410
230753
54729
29803
84524
57801
282844
21869
8031
223773
10626
11176
310194
230709
311553
7052
10002
220992
102182
1432
80748
83925
307667
289810
287944
728927
401
294258
58839
16909
5621
83740
11218
291145
3298
71702
21386
103695118
4066
72459
17354
404281
298506
63872
29844
363243
100131187
14465
306455
83635
433759
338467
27223
56252
266709
29149
499380
689918
319164
18742
1063
246297
10206
657
243963
9730
362533
9640
29673
79223
304005
253461
7046
100289087
10168
2167
12877
295531
20728
388559
117058
294640
29657
23523
117514
53893
30012
84934
303539
231602
15278
6756
3192
11319
1628
685834
50849
104625
18019
110052
298447
294018
54778
68845
222696
18507
76131
79891
81738
4520
24890
21834
362838
381022
6925
83743
55509
387
23269
77578
440695
8536
80902
67370
690126
14472
58184
74229
54683
65251
79894
3213
382252
23126
26414
19179
635253
104797536
74016
7514
1059
304204
112415
100170841
54816
688111
9577
11168
291987
200765
64193
7695
388523
300947
320158
361217
93761
171152
20220
17301
23871
680111
103468
690262
292892
24136
680122
269389
5610
56321
474381
84444
9189
243833
440498
78656
6239
25926
162972
64763
5300
207618
73473
13134
105378952
217732
100360427
4929
3608
64460
170671
57507
72155
120892
25942
17152
24577
11060
83989
326620
546
129685
237911
171159
14228
5901
99377
18020
101631
23394
54496
55355
7571
363544
10014
54624
66596
689054
90665
114087
680172
58842
110521
23429
260325
20833
307766
116458
7050
680702
501127
124908980
308839
389136
671535
128706666
6926
64899
108100
239099
11792
76055
240087
330409
134728
84614
27043
11122
124903710
28077
302557
2735
23506
100293516
284443
9392
234594
13206
4302
84105
230824
8349
8411
116543
240442
90485
80509
55885
100182
72667
58524
8337
728132
14247
3104
10111
288563
16392
310461
76238
2140
18029
22088
27081
497914
245980
17341
54780
19356
27086
77683
100363065
23135
55746
17292
224829
306347
18013
124905616
89780
51142
69188
106583
243937
226432
1912
361403
70238
680989
498423
58960
70827
18740
296500
675812
684527
1822
56461
233887
294328
55832
21341
219150
6882
29424
117855
627352
268294
1104
19366
15402
56314
240427
64864
321006
363630
80110
117060
13487
625249
93871
316164
6399
100042931
99311
102553763
56424
301121
283571
4782
302705
5590
286128
13813
8850
10456
8543
9580
146198
11797
3110
224432
252880
84577
66867
583
22661
110116772
50805
8846
282825
67738
207785
100287226
13712
13984
319159
23462
67923
203523
315333
361688
287475
243372
26371
25664
84107
101928917
163126
315434
8717
78658
53380
303200
14000
114821
313713
66197
214812
100043757
65218
57504
363269
118738
300117
363603
299186
292658
686412
9100
24817
666528
214572
84354
11477
299569
22685
547253
296612
93624
17293
362831
290669
294687
100912262
66617
300222
140489
74691
310658
366954
343472
317546
252915
727857
13627
289664
23028
3014
168620
16362
242509
140597
9686
8453
26427
319192
130916
305589
114521
7270
287940
60394
681200
4661
13394
132243
57154
52808
29855
100910896
84667
304666
503124
216877
406162
688
23314
723790
11920
5586
3015
10657
20926
24074
230908
51513
314221
197370
625480
4188
319161
30927
305968
311721
360665
77519
331623
85497
256536
345462
680021
20874
22385
235441
100361138
284058
214230
299606
29330
5601
5798
365601
10499
3398
1487
8351
13619
148479
363002
364534
50916
8403
19192
19255
293104
4603
124909197
102550344
23144
500574
114712
83797
55892
1719
365755
169834
7334
91607
26523
231769
15191
313436
7691
10273
50796
21405
78968
21745
7775
72147
272322
17193
8629
20668
360737
361514
271305
55989
306353
319236
4300
6875
268469
72672
158800
5584
6737
290571
22906
165631
7718
7702
212377
19726
5591
20893
17125
21679
72199
23160
579
8725
100361558
24468
9516
7041
7799
15505
3097
54014
29355
163033
6208
30944
7741
3222
314319
57782
680155
78473
2852
9975
124905623
3214
225518
70999
3607
56072
55127
288272
1997
17874
28999
255626
68298
116092
153222
133923
217864
67154
366214
4303
10772
13655
170823
363632
915
18616
100911917
103689931
306764
284349
201181
84576
85265
8545
194388
10622
26098
6656
388585
684192
100362915
306574
24253
56218
54700
11335
295297
2119
9792
20475
9925
3195
11177
120376
7015
13709
7738
291999
51053
292584
3297
362834
688642
229534
90592
21385
9349
29966
330301
13869
225131
690585
500553
12785
116554
26420
22195
315987
15207
64651
266743
24209
213389
16905
58805
8638
70461
9496
233875
25099
10419
301430
320858
83614
688885
366203
361131
224585
65027
209446
25554
20878
293674
29877
76681
329650
72103
297093
83990
6883
26145
374928
362522
5702
3018
10401
7332
268936
152485
20204
9774
10472
24842
196
225908
364706
6667
19650
4611
7707
2303
113935
108937
114090
84250
13555
208146
84482
103690130
2961
192147
137209
243272
70681
404635
68943
18933
52609
30813
499095
408217
56184
125476
287362
104394
658
18998
290317
151126
983
23132
10138
24571
20202
104348
1457
227606
55827
293668
301020
240186
681178
51773
57547
287710
77627
319170
9915
5078
18002
51548
7088
114028
149483
84922
7490
100909604
92283
390259
312777
18393
55124
314718
56977
53610
91748
146050
310375
304815
4209
229584
29228
100359484
72569
19883
19058
20937
9070
503627
18506
114504
56525
2300
234988
25574
29883
14009
4261
9604
10481
56637
85446
18185
84733
238317
227541
64750
9049
170506
315308
54892
8289
311547
117154
364418
315532
5585
224836
100288687
362261
16911
363684
100042943
309595
3228
55657
10919
54514
54254
83571
25546
10655
332937
7561
7975
19687
73845
362268
100529215
59336
79677
315133
91662
15408
15469
26295
25677
296510
65026
22062
10025
67334
7555
682988
85329
388561
25157
7343
11614
18128
226896
240505
50545
252830
300320
628746
330959
81000
9656
56380
140898
1871
9841
57541
74318
64826
290925
362741
306977
23567
100910882
69009
208647
18044
100362054
233902
362342
8346
29681
3309
55223
14536
291023
3664
9760
67773
286988
7008
342908
362391
291245
360610
168451
9863
116490
80312
646817
214764
362249
218952
27064
56490
108960
15228
56816
22803
29677
360588
7764
56338
230848
5090
22038
74112
622675
388951
6271
10736
364382
217218
56642
21814
293849
12539
14933
16599
313504
27063
990
365895
114206
254225
10013
4097
72169
16950
305897
320080
214133
73680
50674
230761
315769
305451
264064
73191
29148
305198
687127
195522
59022
84437
6297
1163
5757
15108
56531
26959
101544
25125
65019
243308
246196
12227
66200
84654
84619
90333
12591
20677
7141
666704
28991
306956
126069
109711
80345
215031
80012
168850
300197
5925
306400
91646
68251
83439
3172
301446
314393
362667
5396
84838
63973
299510
7528
362594
94244
25646
83726
29492
245263
100910616
29603
5578
73503
3174
6672
360886
100365683
29282
17425
11023
224902
1388
311658
78962
22717
18994
306547
79240
5310
29138
54583
100042939
7620
93349
13345
29560
684085
1788
57316
232077
6117
301965
24459
140908
361295
7205
1977
1746
22797
56987
147923
360858
5457
235459
6923
55063
15951
66935
23636
56207
68991
110784
13498
15378
4928
3429
500538
83586
500005
6790
128209
25747
5896
155061
7322
316101
306862
299138
54927
27217
53605
16906
67382
171086
319601
10865
84017
5071
391004
20185
10346
23081
56718
653544
309295
291703
10915
54123
317382
294236
55206
57474
309478
58243
303470
22791
305584
266740
270004
20410
70769
353088
56310
255877
320022
124905615
4869
619575
288154
192350
137735
84215
22936
293112
74838
50754
7637
311165
22668
326619
55031
124961
6759
230119
26137
296099
362280
170910
9969
9736
10114
287942
5453
55870
363412
9678
353355
72368
10783
99730
11799
27154
22724
7227
2316
3276
156826
10794
1875
4294
8601
6671
12265
10224
10629
304832
3481
10214
100862075
2625
303763
246279
308473
4678
12952
10011
107182
11213
317772
6188
196528
22927
50678
348825
308592
23291
29452
315338
297576
29843
387640
16798
305171
71389
223513
140482
100912282
25714
269881
22680
29072
667118
216799
209011
19164
63946
53314
11030
132625
5706
168417
7752
10538
72068
317385
79750
3159
9935
5933
11906
6421
288155
193452
100073351
688634
365877
7142
1961
18021
64637
284306
270110
245926
29395
296384
1879
22869
18143
366951
680282
17127
105242927
680127
25591
74022
4831
11350
81606
7494
79738
310685
294734
231571
414065
67341
64784
17095
23327
77044
73251
116555
3665
296351
295324
68992
64635
309164
8968
25445
140588
21350
73674
361095
295327
114213
57354
622473
79733
4000
297893
304514
690043
341405
4101
76260
50927
51869
68879
22893
13591
21888
668166
5290
15437
5915
24674
362453
14312
12042
11074
3399
72475
8125
360905
9095
22393
103690203
382236
25561
291737
12500
6613
22980
73390
7539
84839
67095
200424
2297
120097335
308339
57680
14055
499900
21752
286075
313757
66894
90378
3720
100033459
70645
5195
75746
18709
309638
100859930
73729
5602
121599
303580
8462
298441
14282
69090
17865
6595
10036
200316
24918
362096
91
2551
84350
110616
304569
139735
117526
84913
228790
170644
286965
6280
55689
9611
684111
5170
213464
3621
12417
138474
498910
14582
500084
287441
74106
16150
21416
169792
295475
310644
26574
243842
9421
226691
55914
13170
80288
64376
81673
304063
298555
107951
1991
54107
14816
80280
23389
77110
10157
691504
497010
10172
302993
84823
13207
440519
23368
51742
307124
54951
387586
75788
497923
22992
30812
21835
308999
18193
298012
6929
4692
296732
54790
54006
7566
497988
50552
79124
84436
498390
306814
498945
83383
5460
29108
408022
11143
240025
288908
7534
313994
239652
217166
21388
150684
57659
328918
29099
9921
13199
9242
20592
84046
13819
4848
252829
16656
105980076
54620
58954
57786
79898
303399
297930
2260
14886
647589
23872
69109
10127
303251
7748
2627
366975
28989
16814
94188
55183
128966647
284406
108160
74735
65018
107568
7710
18854
63893
680915
10930
26582
1870
904
306030
15414
20877
287871
300673
1053
300160
170791
103889
207259
102554302
307106
83933
302415
53621
9971
268297
22678
81611
388536
24330
241322
52679
389524
65121
304479
8340
14011
25937
25695
199777
9457
9124
368158
4335
71458
373861
163081
14241
9958
19655
1149
6658
18139
108705
344022
7541
1112
159119
55145
499651
8204
74195
297968
23988
285346
79091
65122
307829
72183
8621
311968
22158
90075
100912163
2444
364785
64709
8976
13716
25271
5626
71241
84148
313993
7675
79698
18412
57162
9464
59343
2247
26992
13714
22754
170753
100910753
311607
10987
24414
314621
10656
57492
314245
22221
266716
362418
7048
73086
145873
1046
17216
57479
100125373
50709
500964
291841
4664
64595
64288
108348168
100033411
1022
1999
9874
284355
199704
315601
654254
7994
367264
80349
5216
545938
218613
3202
22346
364152
20472
11921
303903
305854
56702
22781
60329
317432
118
363498
21885
18226
391002
6047
309361
2958
29589
57623
22255
51810
10362
5292
60533
81507
307545
202151
51270
114565
79149
54891
498840
52915
105203
25344
80108
83595
10265
287155
100131539
1500
4615
6602
1382
362165
93836
169981
66075
81789
21951
8335
308387
9572
9077
319169
23077
312480
59269
57057
72701
15399
301038
25631
405
19777
165
56200
79725
74499
10270
5094
304601
2908
11908
148268
315337
8431
25410
1959
64061
13799
64332
27005
10197
24185
232784
74238
5393
498038
7755
12053
25129
60406
25865
690752
238803
303496
20675
29997
114502
7700
378812
362738
14912
309790
13211
12261
238330
117519
359726
84622
8148
304862
8355
55713
296078
545913
15900
500048
116665
13047
6670
363289
57745
688802
25925
311093
5518
116698
654309
17764
305896
688600
361585
361402
210982
20669
9726
8535
17928
53970
303836
445541
226830
81004
9586
298681
68114
7634
15468
7556
23125
295538
3065
193740
15161
102162
13661
498995
17258
108348153
21343
9188
14463
292404
51351
76365
69837
245109
60383
303378
22642
363091
66118
51222
2073
10488
75339
541457
374655
84124
229004
362132
679357
58521
9810
80722
648
665433
361416
303212
4674
52615
21406
77987
19720
293184
4193
23410
685072
105372267
9970
9668
254251
19017
216274
24516
57247
21886
57746
257101
320705
7936
79973
314061
5887
217946
112950
100764
50794
500558
84878
79831
685378
233056
7832
25022
6935
246264
3234
110524
7404
311353
8363
20464
27374
312491
304798
307820
20586
14797
19411
15270
366126
2018
246791
18987
66226
21410
25729
3394
100504608
9891
4792
23532
303330
246240
105689
212281
67674
64345
290350
9534
216869
114642
679713
689820
50658
18028
245007
79918
296474
84265
69890
653656
11339
8452
18171
92822
14121
69752
81630
13864
109889
502857
2005
729944
23060
301513
20922
21427
17933
55279
25446
7644
308998
19302
24333
313596
22955
23963
20678
81703
53890
499124
124909318
307376
17257
74164
54799
233890
84581
58206
221895
312603
28996
68911
14464
84164
292541
199745
269254
98758
24149
307024
5928
301119
235469
860
76199
54352
362103
15499
100360914
192119
83884
270210
114634
252891
313666
683593
151871
52463
100363372
284391
23625
54250
20672
5309
3200
440077
100912936
13496
20617
83855
21981
12189
219103
63856
109594
319153
84582
266759
298098
170472
4675
114485
140612
333654
22773
83796
26013
239985
8930
8342
13557
10284
4775
109275
12226
287375
84684
28984
307474
9093
16596
18030
233893
1874
10432
4850
71834
403174
294030
15438
102554884
315804
29946
63879
58936
15182
9113
24954
2081
16658
56700
6596
291047
23421
23989
315341
360743
23996
21652
52028
3337
237730
360764
687029
363849
65199
55269
13872
15242
18014
27300
7626
19183
499964
5532
6304
4855
9682
4659
287571
93691
679203
303491
114991
21413
140593
56950
8287
214669
22712
288306
3084
293624
84289
93166
64031
69852
209387
8692
6788
363287
8367
290447
69743
304071
27336
332
102548693
114839
19373
7984
308468
23958
158431
57379
55090
500985
83618
366029
2967
244059
18617
64523
303403
294007
55294
158586
103554
23019
11063
3226
313678
231151
288242
582
26416
344065
319158
99334
10194
56196
13393
314545
55814
22083
246756
214384
124411
92815
313582
595
5569
14240
171503
166793
81856
291960
90576
57713
79230
15223
380993
228012
107829
8208
170914
14725
330474
50496
23849
6830
7592
9079
84944
3611
269966
10623
24675
646698
245924
229542
64215
245671
102553962
57748
4851
602
311613
227737
320790
2931
680717
65193
121504
287464
5588
12014
319944
100039123
228913
65020
23189
643836
20688
116113
25682
497961
25705
23168
24517
3235
75605
55795
66464
76719
200558
9569
90987
71514
314711
353187
67628
474
284428
84142
5076
136319
90853
113948
316477
94234
498385
100533646
13390
502227
277250
84456
4821
56541
6041
653548
287094
500108
4673
221937
84016
680537
112869
70511
69640
4824
6732
55635
319176
105373378
675
308690
319974
680576
729288
308126
8085
362501
2145
171360
298084
54969
80298
223499
57826
6885
293538
79986
56707
5987
3281
2020
65274
2969
7638
304298
15427
6498
441056
9646
3301
171073
22933
3304
1915
20687
314322
11105
11652
54422
7089
363633
66824
55205
100361765
269704
110749
2962
123169
8864
54815
291171
50511
19383
19727
232906
55022
157848
63836
305428
57649
64216
7005
24329
211652
243931
341032
63951
15209
83881
288152
56449
315689
314300
73422
103689925
66993
17130
66313
8726
3656
13418
225888
291964
75316
641339
114741
294395
311715
224619
66855
93474
67219
100362548
14265
285971
24829
12848
100362678
84671
67655
21887
155430
6774
83557
84382
65112
21665
30832
192285
298850
26395
278240
253959
315101
231889
309757
29577
51588
55135
5814
390245
13018
299499
5992
7014
11811
310615
14025
18072
50505
18094
313519
297597
80237
100362634
685082
107976
81601
17765
79871
2139
25513
72562
69642
110157
54711
297453
5013
288533
13871
381379
56463
3175
252917
310250
292816
66725
18129
85420
7110
15193
110958
68910
171119
362217
52830
6597
60345
170828
29128
238247
1406
316085
8994
13559
55893
304850
502316
12590
271377
57326
26584
57230
108098
14158
84313
2074
5598
8986
14357
815
113931
7019
319475
19062
13806
2272
4100
70472
19664
7136
98424
13549
83828
7789
494448
81807
2475
28514
169841
315883
54276
79225
5325
387609
18643
322
7678
304275
83574
6668
5356
56946
192109
5927
79647
17684
69202
7773
66959
14029
345222
15511
80032
365963
473
140654
235559
14200
11922
8227
366960
102552640
170742
288151
313128
296619
8631
319758
3344
30841
292925
360161
8517
317464
340252
100361923
55677
320271
27080
20666
728410
365462
75725
13508
22774
382118
269639
306459
110962
5058
365590
500928
297954
8458
309804
317346
314329
170851
294299
20393
29102
81516
27056
319535
16918
360551
103573
6720
315211
71101
361384
311567
8888
10475
18150
303016
74414
10459
67210
307579
67781
55683
313906
314126
728116
26927
8812
107587
19377
375748
51322
223828
498145
316209
24370
15901
2313
25803
113892
21958
13629
23067
83620
29700
149603
668932
56339
21685
208968
293046
295315
403341
52397
117553
306527
17937
363064
499561
362844
24706
368203
7730
64012
272382
10210
242109
83482
361724
85474
7290
363096
1407
313539
71902
100909824
7694
6492
498358
12020
124905613
246294
20729
163051
296102
306665
72416
7150
291137
14581
11281
12051
18999
79697
29126
5347
57615
124790
21678
24451
401541
94239
74729
302582
217995
317213
116904
170463
1107
9319
11859
9603
100362346
10614
100360880
8089
690538
140926
293568
85235
109929
22130
295248
632708
363465
6258
113835
361669
58921
25888
7589
7593
320538
244219
8369
140858
239122
21807
226169
13172
309178
21953
55628
75467
21389
311487
100041230
293165
988
7581
16601
18667
363545
17188
79366
100505852
103692127
83721
29619
298732
6657
3717
29101
2353
298977
54466
25515
13798
246073
65982
311872
252885
8334
230700
114774
94088
29813
116668
315179
84905
500666
51791
115509
16476
72515
83945
11059
26122
56011
25879
10933
108961
101540
498545
7159
389114
430
140587
10389
306330
6279
266734
67500
399818
108000
57677
100912525
339559
112858
22404
67911
100363472
300813
16907
10001
500982
10923
124909317
27316
315840
436240
74996
64628
362361
15396
83630
13831
99890
27161
19182
226049
109689
6942
6884
4666
56768
69562
25950
388558
23476
65986
366082
107321
150921
59001
364680
56456
1058
296201
162963
24874
299199
7617
865
108829
90827
23619
307715
116464
214162
285051
8928
85471
298144
77264
303375
22259
2034
5458
680712
13039
286053
498918
76900
19645
232791
78974
192191
233726
407786
316524
23897
3227
103136
684828
303398
5316
12607
3215
63868
283489
360204
21429
24839
192110
14234
312678
19056
6758
2263
3217
434484
22666
107869
58922
286975
17681
65988
360748
75507
54993
11569
4057
81603
6591
20851
339287
303214
19014
26610
124909293
15425
6927
16871
84469
628709
170734
79723
13626
219749
2100
51621
64188
303101
10409
500549
5430
8863
316737
18408
59079
100365779
727866
902
16876
148979
116651
311764
29861
2288
25448
24460
67019
72020
124905625
305972
2624
81931
22984
234776
72195
25387
501550
7158
71954
54237
19384
442425
8563
104383
19668
18600
10795
50810
9479
297523
83737
101604
64468
12490
17864
225182
69076
4617
499090
261730
12566
115950
57683
26754
228807
80218
68094
7337
5324
7762
54937
27153
232337
686781
645996
1491
